1624806555498,1.8196,1.8298,9.6051,0.2646,-0.0207,0.0210
1624806555500,1.5348,2.2198,9.6075,0.2671,-0.0292,0.0113
1624806555501,1.3721,2.2773,9.7487,0.1217,0.0037,-0.0107
1624806555502,1.6712,1.8609,9.8731,-0.0298,0.0306,-0.0046
1624806555503,2.0924,1.4972,9.9616,-0.0957,0.0453,-0.0229
1624806555517,2.0660,1.4733,9.9975,-0.0652,0.0563,-0.0559
1624806555518,1.6353,1.4853,9.8851,0.0154,0.0624,-0.0535
1624806555538,1.4870,1.5283,9.7104,0.0545,0.0575,-0.0388
1624806555542,1.6545,1.8322,9.6386,0.0582,0.0453,-0.0388
1624806555543,1.6569,1.9423,9.7056,0.0704,0.0502,-0.0693
1624806555576,1.5707,1.8370,9.7582,0.0643,0.0551,-0.1011
1624806555577,1.4463,1.8179,9.7367,0.0252,0.0514,-0.1097
1624806555596,1.3602,1.8418,9.7295,0.0008,0.0526,-0.1023
1624806555598,1.3027,1.8250,9.7295,0.0044,0.0490,-0.1170
1624806555599,1.2740,1.8059,9.7511,0.0008,0.0465,-0.1365
1624806555611,1.2357,1.7437,9.7439,-0.0163,0.0428,-0.1341
1624806555613,1.1496,1.6910,9.7152,-0.0334,0.0428,-0.1207
1624806555625,1.0706,1.6288,9.6936,-0.0383,0.0404,-0.1035
1624806555632,0.9701,1.6815,9.7032,-0.0334,0.0355,-0.0852
1624806555640,0.9294,1.7867,9.7104,-0.0188,0.0257,-0.0742
1624806555649,0.9486,1.8681,9.7678,-0.0139,0.0221,-0.0669
1624806555660,0.9510,1.6767,9.7798,-0.0261,0.0331,-0.0522
1624806555675,0.9318,1.3848,9.7391,-0.0493,0.0441,-0.0302
1624806555679,0.8696,1.2531,9.6960,-0.0334,0.0428,0.0089
1624806555689,0.7285,1.2819,9.6338,0.0435,0.0318,0.0528
1624806555698,0.6279,1.4948,9.6697,0.1278,0.0111,0.0809
1624806555712,0.6519,1.6815,9.7200,0.1828,-0.0060,0.1090
1624806555717,0.7763,1.8418,9.7702,0.1669,-0.0121,0.1444
1624806555727,0.8960,1.8322,9.7702,0.1070,0.0013,0.1701
1624806555736,0.9725,1.5666,9.6817,0.0508,0.0196,0.1909
1624806555746,1.0419,1.4183,9.6553,0.0191,0.0184,0.2190
1624806555761,1.1185,1.3800,9.6936,0.0325,0.0123,0.2446
1624806555764,1.1735,1.4494,9.6913,0.0667,0.0123,0.2605
1624806555774,1.2262,1.5259,9.6793,0.0887,0.0159,0.2617
1624806555784,1.2429,1.5929,9.7056,0.0973,0.0221,0.2629
1624806555794,1.2979,1.6312,9.7726,0.0851,0.0257,0.2629
1624806555807,1.4032,1.6121,9.7606,0.0557,0.0306,0.2569
1624806555813,1.4750,1.6121,9.7965,0.0166,0.0428,0.2361
1624806555823,1.5516,1.5355,9.8659,-0.0188,0.0563,0.2043
1624806555832,1.6329,1.4565,9.7798,-0.0603,0.0722,0.1664
1624806555842,1.7358,1.3154,9.6984,-0.1116,0.0966,0.1286
1624806555852,1.7693,1.1957,9.5812,-0.1446,0.1174,0.0919
1624806555862,1.7550,1.2890,9.4974,-0.1568,0.1149,0.0467
1624806555878,1.6712,1.4446,9.4974,-0.1605,0.1051,0.0052
1624806555881,1.6018,1.4733,9.5477,-0.1813,0.0978,-0.0315
1624806555892,1.6066,1.4326,9.6314,-0.2375,0.0929,-0.0718
1624806555900,1.6760,1.2651,9.6960,-0.2998,0.0905,-0.1048
1624806555910,1.6880,1.0976,9.7032,-0.3474,0.0905,-0.1292
1624806555919,1.6401,1.0761,9.7056,-0.3731,0.0844,-0.1524
1624806555930,1.6162,1.1981,9.6314,-0.3841,0.0819,-0.1830
1624806555939,1.6114,1.2699,9.5836,-0.4183,0.0844,-0.2294
1624806555949,1.5492,1.2244,9.5309,-0.4647,0.0893,-0.2697
1624806555957,1.4870,1.1479,9.5214,-0.5197,0.0905,-0.3002
1624806555968,1.2908,0.9923,9.4544,-0.5368,0.0868,-0.3198
1624806555978,1.0491,0.9349,9.6099,-0.5172,0.0709,-0.3222
1624806555988,0.8864,0.9014,9.7271,-0.4549,0.0416,-0.3186
1624806555998,0.8218,0.9828,9.8587,-0.4036,0.0135,-0.3051
1624806556005,0.8122,1.0258,9.9616,-0.3731,-0.0024,-0.2868
1624806556014,0.7715,1.0091,9.8779,-0.3584,-0.0109,-0.2746
1624806556024,0.7285,1.1718,9.8540,-0.3719,-0.0134,-0.2758
1624806556034,0.6949,1.2867,9.8827,-0.3816,-0.0146,-0.2819
1624806556045,0.6567,1.3082,9.9114,-0.3963,-0.0060,-0.2905
1624806556055,0.5466,1.1431,9.8731,-0.4097,0.0099,-0.2941
1624806556064,0.4868,0.9995,9.8635,-0.4036,0.0159,-0.2844
1624806556074,0.4724,0.8703,9.8372,-0.3584,0.0050,-0.2685
1624806556084,0.4317,0.7937,9.7846,-0.2986,-0.0073,-0.2551
1624806556093,0.3911,0.8583,9.7798,-0.2534,-0.0268,-0.2355
1624806556103,0.3911,0.9110,9.8013,-0.2033,-0.0463,-0.2098
1624806556113,0.4676,0.9158,9.7870,-0.1825,-0.0512,-0.1964
1624806556122,0.5418,0.9899,9.7774,-0.2130,-0.0561,-0.1952
1624806556132,0.6160,0.9828,9.7989,-0.2460,-0.0549,-0.1988
1624806556139,0.6471,0.8033,9.7582,-0.2937,-0.0427,-0.2172
1624806556149,0.7261,0.7028,9.8611,-0.3438,-0.0280,-0.2282
1624806556160,0.7619,0.4731,9.8875,-0.3376,-0.0146,-0.2294
1624806556169,0.7189,0.5042,9.8133,-0.2851,-0.0134,-0.2416
1624806556180,0.6686,0.7674,9.7822,-0.2191,-0.0207,-0.2489
1624806556189,0.6830,0.8966,9.6984,-0.1544,-0.0317,-0.2526
1624806556199,0.7500,0.9612,9.5525,-0.1764,-0.0292,-0.2661
1624806556208,0.8002,0.8751,9.3586,-0.2668,-0.0170,-0.2831
1624806556218,0.7811,0.6167,9.1959,-0.3706,-0.0060,-0.2978
1624806556228,0.7213,0.3702,9.0930,-0.4562,-0.0036,-0.3235
1624806556237,0.6997,0.2242,9.1265,-0.5038,-0.0134,-0.3516
1624806556247,0.7548,0.2745,9.2725,-0.5282,-0.0268,-0.3613
1624806556257,0.8361,0.3056,9.5285,-0.5282,-0.0427,-0.3687
1624806556266,0.9103,0.2147,9.5836,-0.5343,-0.0415,-0.3956
1624806556275,0.9510,0.0304,9.5836,-0.5783,-0.0268,-0.4200
1624806556285,0.9749,-0.1490,9.6314,-0.6125,-0.0182,-0.4407
1624806556295,1.0443,-0.3070,9.5237,-0.6186,-0.0085,-0.4799
1624806556303,1.0778,-0.2759,9.3539,-0.6394,0.0147,-0.5348
1624806556313,1.0204,-0.1825,9.2055,-0.6932,0.0306,-0.5678
1624806556322,0.9103,-0.1514,9.2510,-0.7445,0.0331,-0.5715
1624806556331,0.8505,-0.2376,9.3922,-0.8080,0.0367,-0.5861
1624806556342,0.8888,-0.3070,9.6003,-0.8777,0.0477,-0.6179
1624806556351,0.9701,-0.4458,9.8181,-0.9338,0.0599,-0.6460
1624806556362,1.0730,-0.6850,9.9640,-0.9852,0.0844,-0.6619
1624806556372,1.0156,-0.8789,9.9281,-1.0230,0.1186,-0.6729
1624806556382,0.9462,-0.9124,9.8851,-1.0035,0.1381,-0.6741
1624806556391,0.8601,-0.8980,9.7846,-0.9253,0.1320,-0.6704
1624806556401,0.7117,-0.7544,9.6530,-0.8703,0.1308,-0.6875
1624806556410,0.6088,-0.6850,9.5764,-0.8630,0.1296,-0.7083
1624806556420,0.6016,-0.6611,9.6889,-0.9009,0.1259,-0.7071
1624806556430,0.6064,-0.5869,9.7319,-0.9595,0.1284,-0.7132
1624806556439,0.6208,-0.4984,9.7774,-1.0316,0.1454,-0.7498
1624806556449,0.6184,-0.5750,9.8133,-1.1061,0.1797,-0.8024
1624806556458,0.6734,-0.8310,9.7917,-1.2124,0.2237,-0.8415
1624806556468,0.6638,-1.2354,9.6362,-1.2894,0.2713,-0.8683
1624806556478,0.6160,-1.6541,9.6865,-1.2857,0.2884,-0.8806
1624806556488,0.5275,-1.9317,9.6601,-1.2099,0.2798,-0.8696
1624806556497,0.3863,-1.8599,9.7439,-1.1257,0.2603,-0.8403
1624806556507,0.3647,-1.6302,9.8659,-1.0291,0.2334,-0.8012
1624806556516,0.3863,-1.4818,9.8946,-0.9693,0.2212,-0.7779
1624806556526,0.4485,-1.4579,9.8707,-0.9620,0.2237,-0.7755
1624806556536,0.4892,-1.6661,9.6482,-0.9925,0.2334,-0.7694
1624806556545,0.3791,-2.0178,9.5812,-1.0255,0.2469,-0.7645
1624806556554,0.3432,-2.3457,9.6410,-1.0389,0.2554,-0.7804
1624806556564,0.4054,-2.5730,9.6530,-1.0230,0.2554,-0.7950
1624806556574,0.4772,-2.6136,9.7247,-1.0133,0.2530,-0.7877
1624806556584,0.5562,-2.5227,9.8228,-1.0255,0.2579,-0.7865
1624806556593,0.6327,-2.4007,9.8540,-1.1024,0.2811,-0.7950
1624806556603,0.6471,-2.3145,9.8013,-1.2588,0.3251,-0.7963
1624806556612,0.6830,-2.3313,9.6960,-1.4653,0.3739,-0.7999
1624806556620,0.7476,-2.5347,9.4902,-1.6889,0.4203,-0.8170
1624806556629,0.7739,-2.7740,9.2031,-1.9112,0.4656,-0.8403
1624806556640,0.7978,-3.1066,8.9375,-2.1067,0.5071,-0.8561
1624806556650,0.7883,-3.4607,8.7724,-2.2863,0.5376,-0.8671
1624806556659,0.7715,-3.7622,8.6049,-2.4622,0.5596,-0.8610
1624806556670,0.6734,-4.0326,8.5068,-2.6223,0.5767,-0.8305
1624806556680,0.6232,-4.3126,8.4494,-2.7579,0.5853,-0.7999
1624806556689,0.6208,-4.5159,8.5331,-2.8617,0.5804,-0.7889
1624806556699,0.6758,-4.5423,8.4254,-2.9644,0.5706,-0.7841
1624806556708,0.7883,-4.7816,8.2340,-3.0621,0.5853,-0.7682
1624806556718,0.7787,-5.3558,8.0187,-3.1501,0.6219,-0.7474
1624806556727,0.7285,-5.9325,7.7124,-3.2429,0.6488,-0.7205
1624806556737,0.6375,-6.3752,7.3798,-3.2881,0.6659,-0.6912
1624806556747,0.4509,-6.5905,7.1333,-3.2820,0.6635,-0.6680
1624806556757,0.3958,-6.6121,6.8677,-3.2661,0.6439,-0.6448
1624806556766,0.4652,-6.7556,6.6165,-3.2026,0.6293,-0.6020
1624806556776,0.4820,-7.1074,6.5184,-3.0890,0.6232,-0.5434
1624806556785,0.3791,-7.4328,6.5231,-2.9326,0.5963,-0.4933
1624806556794,0.3169,-7.6601,6.5734,-2.7383,0.5511,-0.4579
1624806556804,0.2188,-7.9712,6.8055,-2.5160,0.5108,-0.4188
1624806556814,0.0609,-8.0597,6.9036,-2.2985,0.4704,-0.3638
1624806556824,-0.0372,-7.8372,6.6763,-2.1165,0.4179,-0.3174
1624806556833,0.0106,-7.7630,6.3174,-1.9528,0.3813,-0.2783
1624806556843,0.0489,-7.8731,6.0996,-1.8220,0.3703,-0.2440
1624806556853,0.0034,-8.0143,5.8843,-1.7219,0.3629,-0.2184
1624806556862,-0.0229,-8.1195,5.7407,-1.6620,0.3544,-0.2050
1624806556872,-0.1330,-8.2224,5.6187,-1.6131,0.3495,-0.1830
1624806556880,-0.2526,-8.2272,5.3626,-1.5801,0.3275,-0.1634
1624806556891,-0.3053,-8.3086,5.0803,-1.5288,0.2945,-0.1561
1624806556900,-0.3699,-8.5048,4.8434,-1.4372,0.2469,-0.1463
1624806556909,-0.3746,-8.6986,4.8625,-1.3553,0.1907,-0.1243
1624806556918,-0.3579,-8.7489,4.9582,-1.2894,0.1540,-0.0877
1624806556928,-0.4034,-8.6651,5.0994,-1.2491,0.1113,-0.0510
1624806556937,-0.3914,-8.4162,5.1329,-1.2723,0.0795,-0.0168
1624806556947,-0.3459,-8.4498,4.9511,-1.2710,0.0709,0.0162
1624806556956,-0.3316,-8.7560,4.7333,-1.1953,0.0722,0.0284
1624806556968,-0.3699,-8.9164,4.6208,-1.0878,0.0551,0.0247
1624806556978,-0.3746,-8.9140,4.4534,-0.9717,0.0318,0.0443
1624806556987,-0.3340,-9.1556,4.4821,-0.8215,0.0331,0.0663
1624806556997,-0.3244,-9.2825,4.6807,-0.6626,0.0392,0.0711
1624806557006,-0.2646,-9.0456,4.8027,-0.4745,0.0208,0.0870
1624806557016,-0.0803,-8.5598,4.8434,-0.3401,-0.0024,0.1005
1624806557025,0.0585,-8.0884,4.6926,-0.3413,0.0001,0.0907
1624806557035,0.1709,-8.0238,4.5730,-0.4500,0.0404,0.0821
1624806557044,0.1302,-8.3732,4.6352,-0.5856,0.0941,0.0882
1624806557054,-0.0396,-8.7560,4.6376,-0.6516,0.1247,0.0992
1624806557064,-0.0995,-9.0527,4.6376,-0.6211,0.1332,0.1017
1624806557074,-0.0755,-9.0240,4.5204,-0.5295,0.1222,0.0980
1624806557083,0.0943,-8.9379,4.3433,-0.4342,0.1076,0.1005
1624806557092,0.1901,-8.7441,4.2883,-0.3657,0.1039,0.1053
1624806557102,0.1733,-8.7034,4.2045,-0.3230,0.1076,0.1078
1624806557112,0.1255,-8.7225,4.0203,-0.3095,0.1137,0.1090
1624806557122,0.1039,-8.9905,4.0370,-0.3047,0.1320,0.1188
1624806557131,-0.0947,-9.2753,4.1208,-0.2411,0.1454,0.1310
1624806557140,-0.1952,-9.4452,4.2021,-0.1006,0.1308,0.1286
1624806557149,-0.0396,-9.2489,4.1662,0.0289,0.1174,0.1127
1624806557160,0.0848,-9.0432,4.0825,0.1131,0.1174,0.1127
1624806557169,0.0752,-8.8541,3.9796,0.1278,0.1198,0.1261
1624806557179,-0.0803,-8.7512,3.8551,0.0802,0.1210,0.1371
1624806557189,-0.2813,-8.7656,3.7235,0.0154,0.1149,0.1493
1624806557198,-0.3316,-8.6986,3.6111,-0.0591,0.0978,0.1677
1624806557207,-0.2694,-8.6244,3.4651,-0.1153,0.0807,0.1762
1624806557218,-0.1210,-8.7680,3.6015,-0.1581,0.0795,0.1677
1624806557227,-0.0181,-9.1867,3.7977,-0.1825,0.0990,0.1640
1624806557235,-0.1234,-9.6485,3.9939,-0.1544,0.1113,0.1835
1624806557244,-0.2215,-9.7251,3.9844,-0.0664,0.0990,0.2080
1624806557254,-0.3531,-9.5983,3.8504,0.0789,0.0807,0.2104
1624806557263,-0.2502,-9.1437,3.5393,0.1962,0.0526,0.2214
1624806557273,-0.1330,-8.6938,3.4723,0.2317,0.0318,0.2275
1624806557284,-0.1162,-7.8970,3.2522,0.1254,0.0099,0.2177
1624806557294,0.0250,-7.6123,3.2115,-0.1031,0.0062,0.2104
1624806557304,0.1302,-8.0621,3.2498,-0.3609,0.0477,0.2019
1624806557314,0.0752,-8.7106,3.4412,-0.5405,0.0844,0.1945
1624806557323,-0.0325,-9.3423,3.7044,-0.5258,0.0978,0.1860
1624806557333,-0.1593,-9.5002,3.6924,-0.3719,0.0758,0.1677
1624806557342,-0.1066,-9.0695,3.4914,-0.2228,0.0441,0.1567
1624806557352,-0.0516,-8.7656,3.3383,-0.1226,0.0355,0.1542
1624806557362,-0.0708,-8.5167,3.0057,-0.1312,0.0245,0.1432
1624806557371,-0.1258,-8.6149,2.9770,-0.2314,0.0269,0.1615
1624806557381,-0.2550,-8.6651,3.0727,-0.3328,0.0355,0.1786
1624806557390,-0.2143,-8.7106,3.2067,-0.3938,0.0416,0.1677
1624806557399,-0.1282,-8.8039,3.0990,-0.4220,0.0404,0.1493
1624806557410,-0.0588,-8.9331,3.0727,-0.4268,0.0367,0.1334
1624806557419,-0.0038,-9.0432,3.2330,-0.4146,0.0379,0.1225
1624806557429,0.0800,-9.0001,3.3574,-0.3951,0.0502,0.1041
1624806557439,0.0561,-9.0934,3.1971,-0.3621,0.0734,0.0821
1624806557448,-0.0875,-9.2274,2.9770,-0.3364,0.0966,0.0748
1624806557458,-0.2670,-9.3159,2.8239,-0.2741,0.1039,0.0711
1624806557467,-0.4799,-9.1843,2.3979,-0.1776,0.0807,0.0699
1624806557476,-0.6115,-8.8565,1.9935,-0.0762,0.0331,0.0699
1624806557486,-0.5732,-8.7823,2.0031,-0.0334,-0.0097,0.0614
1624806557494,-0.5972,-8.2464,2.3525,-0.0628,-0.0317,0.0443
1624806557525,-0.5804,-7.5213,2.7209,-0.1470,-0.0561,0.0320
1624806557527,-0.5278,-7.2677,2.9172,-0.2827,-0.0439,-0.0205
1624806557528,-0.4512,-6.8920,3.0583,-0.5111,-0.0158,-0.0828
1624806557535,-0.4273,-6.6551,3.1852,-0.7262,0.0318,-0.1500
1624806557542,-0.4201,-6.3847,2.7233,-0.9045,0.0697,-0.2526
1624806557553,-0.2622,-7.1169,1.7901,-1.0658,0.0954,-0.3467
1624806557562,-0.0732,-8.3540,1.5078,-1.1721,0.1137,-0.3870
1624806557571,-0.0205,-9.1485,1.2829,-1.1061,0.0697,-0.4078
1624806557587,0.2044,-9.0838,1.5963,-0.9119,0.0086,-0.4334
1624806557590,0.3193,-9.7993,1.3905,-0.6138,-0.0060,-0.4371
1624806557606,-0.1306,-11.9289,1.8882,-0.1507,-0.0011,-0.4542
1624806557610,-0.5110,-11.1991,2.9890,0.1999,-0.0488,-0.3821
1624806557619,-0.0851,-9.6844,3.0153,0.4833,-0.1062,-0.3564
1624806557629,0.8601,-9.4858,2.3596,0.4613,-0.0671,-0.3479
1624806557640,1.1352,-10.0170,2.0629,0.1889,0.0025,-0.2709
1624806557648,0.9582,-10.2228,1.9050,-0.0518,0.0367,-0.2135
1624806557657,0.7356,-9.8807,1.9074,-0.1837,0.0441,-0.2086
1624806557669,0.7643,-9.5863,1.9600,-0.2741,0.0428,-0.2025
1624806557677,0.9701,-9.5935,2.1706,-0.3218,0.0538,-0.1915
1624806557687,1.1951,-9.6270,2.4051,-0.3340,0.0758,-0.2037
1624806557696,1.1998,-9.6868,2.4410,-0.2961,0.0941,-0.2086
1624806557706,1.0945,-9.6533,2.2424,-0.2314,0.0990,-0.2001
1624806557715,0.9199,-9.5983,1.8930,-0.1568,0.0929,-0.1940
1624806557725,0.8074,-9.6007,1.5939,-0.1006,0.0722,-0.1927
1624806557735,0.9270,-9.7849,1.6801,-0.0469,0.0490,-0.1964
1624806557744,0.9486,-9.8543,1.5820,0.0399,0.0147,-0.2098
1624806557753,1.0898,-10.1056,1.6825,0.1437,-0.0243,-0.2074
1624806557763,1.0706,-10.5530,1.7973,0.2830,-0.0622,-0.1976
1624806557772,0.8888,-10.3616,2.0151,0.4259,-0.1062,-0.1830
1624806557782,0.7165,-9.7012,1.7662,0.4650,-0.1661,-0.1842
1624806557792,0.6232,-9.4523,2.2472,0.3660,-0.1807,-0.1622
1624806557803,0.5801,-9.3279,1.8571,0.1669,-0.2161,-0.0767
1624806557812,0.4581,-9.5887,1.9026,-0.0530,-0.2247,-0.1390
1624806557823,0.2595,-10.2827,2.0797,-0.1923,-0.2235,-0.1219
1624806557832,0.3647,-10.6344,2.5726,-0.1617,-0.2369,-0.0828
1624806557841,0.4317,-10.1917,2.9100,-0.0029,-0.2394,-0.0913
1624806557851,0.5346,-9.6916,3.0679,0.1962,-0.2259,-0.0950
1624806557859,0.6662,-9.3638,3.3814,0.3502,-0.1893,-0.0913
1624806557869,0.6997,-8.8422,3.3311,0.3966,-0.1477,-0.1060
1624806557878,0.7835,-8.4976,3.1206,0.3050,-0.1038,-0.1060
1624806557888,0.7954,-8.5885,3.1995,0.0997,-0.0415,-0.1060
1624806557898,0.6184,-8.8015,3.1852,-0.1214,0.0221,-0.1084
1624806557907,0.6088,-8.9690,3.0727,-0.2314,0.0697,-0.1182
1624806557917,0.9031,-9.4164,2.9028,-0.1642,0.1125,-0.1427
1624806557928,0.8960,-10.0410,2.8382,0.0838,0.1516,-0.1610
1624806557938,0.5968,-10.1893,2.7999,0.4247,0.1430,-0.1439
1624806557948,0.4509,-9.7634,3.0512,0.7985,0.0954,-0.1439
1624806557957,0.5442,-8.9092,3.2091,0.9952,0.0587,-0.1610
1624806557967,0.7691,-8.1937,3.2426,0.9281,0.0551,-0.1585
1624806557976,0.9270,-8.0310,3.1230,0.6409,0.0880,-0.1585
1624806557986,0.9390,-8.6747,3.1636,0.3221,0.1430,-0.1659
1624806557996,0.7715,-9.2801,3.0655,0.1095,0.1772,-0.1597
1624806558005,0.6327,-9.6605,2.8262,0.0508,0.1736,-0.1549
1624806558013,0.5538,-10.0194,2.7209,0.0961,0.1552,-0.1475
1624806558025,0.4820,-10.1869,2.5535,0.2048,0.1284,-0.1243
1624806558034,0.6327,-10.4741,2.5917,0.3966,0.0941,-0.0962
1624806558044,0.7069,-10.3066,2.8597,0.5798,0.0404,-0.0693
1624806558053,0.6782,-9.4858,3.0536,0.6556,-0.0231,-0.0302
1624806558063,0.8409,-8.8087,3.1852,0.5994,-0.0463,-0.0156
1624806558073,1.0515,-8.5861,3.3120,0.4039,-0.0134,-0.0156
1624806558082,1.0778,-8.8159,3.3862,0.1767,0.0404,-0.0132
1624806558092,0.9606,-9.1126,3.3000,0.0081,0.0758,-0.0095
1624806558101,0.8409,-9.2825,3.0918,-0.0835,0.0844,-0.0083
1624806558109,0.8577,-9.2992,2.8454,-0.1177,0.0783,-0.0083
1624806558121,0.8385,-9.2944,2.6540,-0.1141,0.0648,-0.0144
1624806558130,0.7691,-9.2298,2.5702,-0.1043,0.0453,-0.0290
1624806558140,0.7141,-9.1508,2.6611,-0.0640,0.0245,-0.0302
1624806558150,0.6854,-9.0647,2.7616,-0.0224,0.0037,-0.0425
1624806558159,0.7117,-9.0599,2.8406,0.0105,-0.0109,-0.0535
1624806558167,0.7715,-8.9594,2.9220,0.0056,-0.0182,-0.0596
1624806558176,0.7954,-9.0312,2.9435,-0.0334,-0.0097,-0.0681
1624806558187,0.7452,-9.1604,3.0894,-0.0909,0.0099,-0.0693
1624806558196,0.6878,-9.1078,3.2426,-0.1483,0.0245,-0.0596
1624806558205,0.6471,-8.9546,3.2282,-0.1959,0.0355,-0.0571
1624806558217,0.6232,-8.8924,3.0392,-0.2692,0.0477,-0.0522
1624806558227,0.5418,-8.9977,2.8789,-0.3438,0.0648,-0.0449
1624806558236,0.4772,-9.1676,2.8334,-0.3987,0.0770,-0.0412
1624806558246,0.4365,-9.3375,2.8908,-0.4097,0.0783,-0.0388
1624806558255,0.4485,-9.4045,3.0416,-0.3706,0.0819,-0.0290
1624806558265,0.4461,-9.3423,3.1349,-0.2986,0.0856,-0.0278
1624806558274,0.4389,-9.3758,3.1373,-0.2338,0.0990,-0.0266
1624806558284,0.4389,-9.4212,3.1995,-0.1703,0.1174,-0.0156
1624806558292,0.3552,-9.4093,3.2139,-0.1031,0.1308,-0.0070
1624806558303,0.3265,-9.2896,3.1349,-0.0615,0.1406,-0.0070
1624806558313,0.3360,-9.2394,3.0751,-0.0322,0.1540,0.0003
1624806558322,0.3265,-9.1796,3.0631,-0.0151,0.1601,0.0040
1624806558332,0.3384,-9.1485,3.1971,-0.0163,0.1711,0.0027
1624806558342,0.3671,-9.2537,3.2833,-0.0237,0.1858,0.0101
1624806558351,0.3934,-9.3231,3.2952,-0.0249,0.1992,0.0210
1624806558361,0.3958,-9.2705,3.2976,-0.0054,0.2078,0.0223
1624806558371,0.3743,-9.1772,3.3072,0.0313,0.2188,0.0223
1624806558380,0.3049,-9.0767,3.2378,0.0594,0.2249,0.0259
1624806558390,0.2427,-8.9977,3.1349,0.0484,0.2322,0.0308
1624806558399,0.2355,-8.9738,3.0942,0.0154,0.2395,0.0382
1624806558409,0.2642,-9.0216,3.0751,-0.0322,0.2420,0.0333
1624806558418,0.2260,-9.0910,3.0105,-0.0542,0.2420,0.0247
1624806558428,0.2092,-9.1149,2.9363,-0.0579,0.2371,0.0210
1624806558438,0.2044,-9.0527,2.9363,-0.0566,0.2285,0.0174
1624806558447,0.2092,-8.9379,2.8861,-0.0444,0.2163,0.0186
1624806558455,0.1829,-8.9642,2.7569,-0.0542,0.2053,0.0162
1624806558464,0.1590,-9.0432,2.7305,-0.1031,0.1907,0.0162
1624806558474,0.0704,-9.3136,2.7066,-0.1361,0.1845,0.0235
1624806558484,0.0321,-9.4763,2.6683,-0.1275,0.1674,0.0308
1624806558495,-0.0014,-9.4643,2.6587,-0.0640,0.1381,0.0345
1624806558505,0.0752,-9.2705,2.6228,0.0081,0.1088,0.0394
1624806558515,0.1733,-9.0647,2.5846,0.0533,0.0917,0.0455
1624806558524,0.1877,-9.0073,2.5654,0.0484,0.0819,0.0455
1624806558534,0.1542,-9.1700,2.6013,0.0044,0.0831,0.0528
1624806558543,0.0537,-9.3303,2.5200,-0.0200,0.0795,0.0601
1624806558553,-0.0372,-9.3686,2.4123,-0.0054,0.0660,0.0601
1624806558563,-0.0588,-9.1604,2.3477,0.0215,0.0453,0.0577
1624806558572,-0.0301,-9.1197,2.4218,0.0545,0.0294,0.0601
1624806558582,0.0489,-9.1580,2.5702,0.0569,0.0172,0.0650
1624806558591,0.1207,-9.3375,2.5822,0.0484,0.0050,0.0773
1624806558600,0.1279,-9.3877,2.5822,0.0557,-0.0048,0.0931
1624806558611,0.1326,-9.2418,2.5056,0.0569,-0.0219,0.1005
1624806558620,0.1805,-8.9905,2.4936,0.0301,-0.0280,0.1102
1624806558629,0.2068,-8.9020,2.5606,-0.0212,-0.0256,0.1261
1624806558640,0.2044,-8.9953,2.6348,-0.1031,-0.0121,0.1286
1624806558649,0.1733,-9.2537,2.7066,-0.1605,0.0074,0.1359
1624806558659,0.0848,-9.3710,2.7521,-0.1593,0.0159,0.1432
1624806558668,-0.0325,-9.4619,2.5415,-0.1214,0.0099,0.1396
1624806558678,-0.0181,-9.4715,2.2663,-0.0664,-0.0085,0.1542
1624806558688,0.0321,-9.3758,2.1012,-0.0078,-0.0329,0.1738
1624806558697,0.0465,-9.2131,2.1539,0.0337,-0.0573,0.1762
1624806558706,0.0369,-9.1054,2.3166,0.0203,-0.0769,0.1774
1624806558716,0.0752,-8.9187,2.4338,-0.0469,-0.0976,0.1860
1624806558725,0.1685,-8.8541,2.4601,-0.1446,-0.1001,0.1799
1624806558736,0.1757,-8.8565,2.4577,-0.2594,-0.0928,0.1725
1624806558745,0.2331,-8.9786,2.5391,-0.3682,-0.0818,0.1689
1624806558755,0.2786,-9.1652,2.6970,-0.4317,-0.0622,0.1628
1624806558762,0.2738,-9.4906,2.7712,-0.4207,-0.0439,0.1615
1624806558772,0.1925,-9.6390,2.6085,-0.3474,-0.0329,0.1579
1624806558782,0.1470,-9.6222,2.3477,-0.2534,-0.0415,0.1628
1624806558791,0.1542,-9.4763,2.0653,-0.1654,-0.0598,0.1750
1624806558803,0.1829,-9.3614,1.9002,-0.0982,-0.0793,0.1750
1624806558813,0.2810,-9.1365,2.0127,-0.0762,-0.0964,0.1738
1624806558822,0.4198,-8.9116,2.1969,-0.0786,-0.1038,0.1664
1624806558832,0.5538,-8.7010,2.3596,-0.1238,-0.1050,0.1444
1624806558841,0.6734,-8.5957,2.4123,-0.2338,-0.0952,0.1310
1624806558851,0.6471,-8.6172,2.3692,-0.3670,-0.0744,0.1127
1624806558860,0.4748,-8.7489,2.3285,-0.5038,-0.0500,0.0931
1624806558870,0.3815,-8.9786,2.3549,-0.6101,-0.0305,0.0809
1624806558880,0.4006,-9.2250,2.4960,-0.6443,-0.0085,0.0699
1624806558889,0.3934,-9.5289,2.7497,-0.5661,0.0245,0.0455
1624806558899,0.2642,-9.6533,2.6516,-0.3999,0.0453,0.0223
1624806558909,0.1015,-9.5792,2.3190,-0.1825,0.0551,0.0162
1624806558918,0.0130,-9.1628,2.0246,0.0069,0.0404,0.0064
1624806558927,0.0130,-8.7034,1.7136,0.0826,0.0099,-0.0180
1624806558938,-0.0636,-8.5191,1.4193,0.0264,-0.0170,-0.0302
1624806558947,-0.2095,-8.5048,1.1513,-0.1202,-0.0439,-0.0364
1624806558957,-0.3196,-8.4545,1.0962,-0.2656,-0.0757,-0.0522
1624806558966,-0.3316,-8.3923,1.2326,-0.4048,-0.1086,-0.0877
1624806558975,-0.3220,-8.4330,1.4743,-0.5209,-0.1270,-0.1109
1624806558985,-0.2670,-8.6819,1.7949,-0.5686,-0.1331,-0.1390
1624806558995,-0.0660,-8.8996,1.9241,-0.5783,-0.1319,-0.1903
1624806559005,0.2020,-9.4332,1.9696,-0.5747,-0.1196,-0.2233
1624806559014,0.4724,-8.7560,2.0462,-0.5881,-0.1099,-0.2160
1624806559024,0.6088,-8.3828,2.1251,-0.5417,-0.0903,-0.2587
1624806559033,0.6256,-8.7010,2.2041,-0.5343,-0.0317,-0.2917
1624806559041,0.5753,-9.9979,2.0558,-0.4537,0.0318,-0.2697
1624806559052,0.2307,-10.8067,1.7136,-0.2729,0.0636,-0.2685
1624806559062,-0.0038,-10.5554,1.6346,-0.0310,0.0551,-0.2734
1624806559070,0.1470,-10.2109,1.5724,0.1767,0.0392,-0.2636
1624806559079,0.6112,-10.2539,1.6179,0.2512,0.0428,-0.2330
1624806559089,0.6638,-10.2779,1.4863,0.2744,0.0441,-0.1915
1624806559098,0.4604,-10.1128,1.5245,0.2793,0.0282,-0.1610
1624806559108,0.4461,-9.6462,1.5939,0.2048,0.0123,-0.1475
1624806559120,0.4772,-9.3901,1.1465,0.0655,0.0172,-0.1243
1624806559130,0.4700,-9.6581,0.6823,-0.0408,0.0111,-0.1243
1624806559139,0.3911,-9.7108,0.7564,-0.0799,-0.0195,-0.1158
1624806559149,0.4317,-9.5648,1.2015,-0.0261,-0.0622,-0.1170
1624806559157,0.6567,-9.5289,1.5485,0.0496,-0.0879,-0.1182
1624806559168,0.8433,-9.7634,1.5174,0.1144,-0.0915,-0.1072
1624806559178,0.8313,-10.1295,1.7399,0.2158,-0.0769,-0.0974
1624806559188,0.6519,-10.2420,1.7399,0.3807,-0.0732,-0.0913
1624806559197,0.6591,-9.9165,2.1515,0.5432,-0.0781,-0.0791
1624806559207,0.8218,-9.4236,2.5798,0.6348,-0.0744,-0.0669
1624806559216,0.9462,-9.0360,2.1323,0.5750,-0.0512,-0.0755
1624806559226,0.8983,-9.4308,1.6873,0.3832,-0.0060,-0.0596
1624806559235,0.6973,-9.8950,1.8189,0.1999,0.0196,-0.0193
1624806559245,0.5753,-10.1606,2.1180,0.1498,0.0123,0.0003
1624806559254,0.7285,-10.0075,2.4530,0.1620,0.0037,0.0174
1624806559264,0.9031,-9.8352,2.6420,0.1913,0.0184,0.0345
1624806559274,0.9390,-9.8089,2.4984,0.2720,0.0404,0.0247
1624806559283,0.6160,-9.7275,2.5343,0.3538,0.0624,0.0272
1624806559292,0.3958,-9.4667,2.5774,0.4198,0.0722,0.0320
1624806559302,0.4437,-9.3423,2.4075,0.4296,0.0783,0.0223
1624806559312,0.4916,-9.1963,2.0318,0.3673,0.0770,0.0223
1624806559321,0.5610,-9.0695,2.1443,0.2573,0.0697,0.0247
1624806559330,0.6519,-9.1102,2.4601,0.1535,0.0734,0.0101
1624806559341,0.7069,-9.1915,2.6444,0.0899,0.0844,0.0064
1624806559351,0.7476,-9.2178,2.7664,0.0753,0.0966,0.0003
1624806559360,0.8481,-9.1867,2.9387,0.0606,0.1064,-0.0058
1624806559370,0.7404,-9.0599,2.6157,0.0399,0.1198,-0.0070
1624806559378,0.4700,-9.0456,1.9218,0.0130,0.1161,-0.0058
1624806559388,0.4341,-9.2848,1.4791,0.0264,0.0917,-0.0180
1624806559398,0.5442,-9.5337,2.0581,0.0618,0.0599,-0.0278
1624806559406,0.6758,-9.1915,2.5247,0.0851,0.0428,-0.0425
1624806559418,0.6878,-9.0240,2.5463,0.0924,0.0453,-0.0559
1624806559427,0.6519,-9.2442,2.2903,0.0679,0.0538,-0.0547
1624806559437,0.5849,-9.3710,2.2615,0.0325,0.0587,-0.0400
1624806559447,0.5466,-9.3351,2.2400,0.0276,0.0526,-0.0400
1624806559456,0.5346,-9.3566,2.2137,0.0215,0.0465,-0.0461
1624806559466,0.5155,-9.5361,1.9816,0.0044,0.0404,-0.0461
1624806559475,0.4820,-9.7060,1.8619,0.0020,0.0367,-0.0461
1624806559485,0.4341,-9.8448,1.9289,0.0313,0.0294,-0.0486
1624806559495,0.3815,-9.8902,2.0677,0.0838,0.0111,-0.0388
1624806559504,0.3887,-9.6509,2.0749,0.1351,-0.0146,-0.0266
1624806559514,0.5035,-9.4954,2.0294,0.1474,-0.0341,-0.0095
1624806559523,0.5490,-9.4164,2.2137,0.1168,-0.0378,0.0089
1624806559533,0.5107,-9.3758,2.3261,0.0704,-0.0317,0.0137
1624806559543,0.5107,-9.3064,2.3381,0.0093,-0.0231,0.0259
1624806559552,0.4581,-9.4069,2.2735,-0.0261,-0.0109,0.0259
1624806559561,0.4126,-9.5433,2.1873,-0.0457,-0.0048,0.0333
1624806559572,0.4198,-9.5457,2.2017,-0.0420,0.0001,0.0430
1624806559581,0.4820,-9.4380,2.1969,-0.0115,-0.0036,0.0382
1624806559591,0.6447,-9.3112,2.2376,0.0008,-0.0036,0.0333
1624806559600,0.6949,-9.1796,2.3381,-0.0127,0.0037,0.0296
1624806559609,0.6878,-9.2178,2.3788,-0.0444,0.0159,0.0272
1624806559619,0.6806,-9.2920,2.3477,-0.0750,0.0294,0.0284
1624806559629,0.6495,-9.3375,2.2783,-0.0872,0.0441,0.0259
1624806559639,0.6208,-9.3351,2.1610,-0.0860,0.0490,0.0186
1624806559648,0.5801,-9.3088,2.0558,-0.0811,0.0428,0.0174
1624806559658,0.5729,-9.3566,1.9744,-0.0750,0.0367,0.0113
1624806559668,0.5322,-9.4452,2.0127,-0.0554,0.0331,0.0076
1624806559675,0.5155,-9.3925,2.0486,-0.0212,0.0221,0.0064
1624806559686,0.5466,-9.3399,2.0940,-0.0029,0.0123,0.0003
1624806559695,0.5921,-9.2848,2.2472,-0.0127,0.0086,-0.0046
1624806559705,0.6710,-9.3279,2.3429,-0.0457,0.0147,-0.0083
1624806559714,0.6997,-9.3590,2.4434,-0.0994,0.0282,-0.0058
1624806559725,0.7021,-9.3877,2.4338,-0.1361,0.0453,0.0027
1624806559735,0.7165,-9.3758,2.4051,-0.1495,0.0587,0.0015
1624806559744,0.6949,-9.4715,2.3549,-0.1458,0.0746,-0.0034
1624806559754,0.6088,-9.5839,2.2591,-0.1251,0.0807,0.0052
1624806559764,0.5490,-9.4571,2.2903,-0.0896,0.0746,0.0125
1624806559773,0.5777,-9.2681,2.3237,-0.0603,0.0734,0.0064
1624806559783,0.6208,-9.1461,2.3620,-0.0640,0.0783,0.0052
1624806559792,0.6064,-9.1054,2.3214,-0.0921,0.0856,0.0052
1624806559802,0.5538,-9.2753,2.2496,-0.1190,0.0978,-0.0022
1624806559812,0.5011,-9.3925,2.2950,-0.1397,0.1039,-0.0009
1624806559821,0.4820,-9.3997,2.3094,-0.1275,0.1027,-0.0046
1624806559829,0.4365,-9.3207,2.3812,-0.1153,0.1088,-0.0180
1624806559841,0.4246,-9.3327,2.3764,-0.1214,0.1149,-0.0156
1624806559850,0.3647,-9.3925,2.3357,-0.1263,0.1259,-0.0156
1624806559859,0.2379,-9.4476,2.1515,-0.1324,0.1345,-0.0107
1624806559869,0.1996,-9.5552,2.0270,-0.1238,0.1296,-0.0107
1624806559879,0.1853,-9.5074,2.0581,-0.0957,0.1198,-0.0168
1624806559888,0.1781,-9.3638,2.1706,-0.0725,0.1149,-0.0144
1624806559898,0.1972,-9.2968,2.2304,-0.0554,0.1113,-0.0205
1624806559907,0.2236,-9.3997,2.2017,-0.0530,0.1137,-0.0217
1624806559918,0.2020,-9.5146,2.2209,-0.0518,0.1259,-0.0144
1624806559926,0.1757,-9.5696,2.1873,-0.0334,0.1332,-0.0168
1624806559937,0.1159,-9.5361,2.2161,0.0130,0.1345,-0.0168
1624806559946,0.0896,-9.4476,2.1921,0.0594,0.1284,-0.0107
1624806559956,0.0585,-9.3231,2.1945,0.0826,0.1271,-0.0083
1624806559965,0.0250,-9.2489,2.2448,0.0887,0.1296,0.0027
1624806559975,-0.0564,-9.2968,2.2233,0.0777,0.1259,0.0125
1624806559983,-0.0971,-9.4212,2.0869,0.0618,0.1186,0.0223
1624806559992,-0.0755,-9.3207,2.0031,0.0386,0.1039,0.0345
1624806560002,-0.0971,-9.2585,1.9816,0.0179,0.0929,0.0272
1624806560011,-0.1042,-9.2466,1.9672,-0.0139,0.0819,0.0272
1624806560022,-0.0827,-9.3159,1.9241,-0.0261,0.0709,0.0357
1624806560033,-0.0971,-9.4452,1.9552,-0.0115,0.0599,0.0296
1624806560042,-0.1186,-9.5457,2.0342,0.0227,0.0526,0.0345
1624806560050,-0.1521,-9.4595,2.0318,0.0643,0.0343,0.0479
1624806560059,-0.1354,-9.1915,1.9792,0.0948,0.0147,0.0528
1624806560071,-0.0372,-9.0934,1.8308,0.0887,0.0013,0.0565
1624806560080,0.0250,-9.3231,1.7758,0.0460,-0.0036,0.0614
1624806560090,-0.0253,-9.5480,1.8380,-0.0127,-0.0073,0.0858
1624806560100,-0.0827,-9.5887,1.9074,-0.0273,-0.0158,0.0956
1624806560109,-0.0444,-9.4739,1.9194,0.0032,-0.0280,0.0931
1624806560119,0.0010,-9.3710,1.9170,0.0337,-0.0341,0.0992
1624806560129,0.0154,-9.3375,1.9122,0.0460,-0.0366,0.1078
1624806560138,-0.0061,-9.3949,1.9457,0.0484,-0.0378,0.1078
1624806560148,-0.0444,-9.4643,1.9289,0.0569,-0.0439,0.1115
1624806560157,0.0082,-9.3638,1.8859,0.0655,-0.0610,0.1212
1624806560167,0.1685,-9.3590,1.8835,0.0631,-0.0744,0.1249
1624806560177,0.2858,-9.3518,1.9768,0.0301,-0.0695,0.1310
1624806560186,0.3217,-9.3877,2.0079,-0.0041,-0.0634,0.1347
1624806560196,0.3647,-9.4212,2.0773,-0.0310,-0.0573,0.1334
1624806560205,0.3887,-9.4858,2.0605,-0.0518,-0.0500,0.1286
1624806560215,0.3982,-9.5074,2.0103,-0.0554,-0.0427,0.1273
1624806560225,0.3982,-9.4858,2.0366,-0.0396,-0.0439,0.1249
1624806560234,0.3911,-9.4404,2.1395,-0.0249,-0.0415,0.1200
1624806560244,0.4006,-9.4236,2.1945,-0.0139,-0.0402,0.1261
1624806560254,0.3934,-9.3877,2.0821,0.0008,-0.0427,0.1249
1624806560263,0.3719,-9.4236,2.0749,0.0252,-0.0402,0.1200
1624806560273,0.3647,-9.4093,2.1563,0.0374,-0.0353,0.1151
1624806560281,0.3265,-9.3471,2.2137,0.0386,-0.0280,0.1115
1624806560290,0.2953,-9.3040,2.2017,0.0203,-0.0231,0.1115
1624806560300,0.2427,-9.3088,2.1586,-0.0224,-0.0158,0.1127
1624806560309,0.1805,-9.3590,2.1180,-0.0738,-0.0109,0.1176
1624806560321,0.1781,-9.4332,2.0797,-0.1067,-0.0097,0.1212
1624806560330,0.2020,-9.5289,2.1610,-0.0921,-0.0060,0.1176
1624806560340,0.2355,-9.5050,2.2209,-0.0371,0.0001,0.1127
1624806560350,0.2092,-9.5002,2.2448,0.0386,0.0037,0.1078
1624806560359,0.2044,-9.3518,2.2089,0.0863,0.0099,0.1102
1624806560369,0.2307,-9.2466,2.1778,0.1009,0.0159,0.1139
1624806560378,0.2571,-9.1580,1.9888,0.0753,0.0196,0.1102
1624806560388,0.3480,-9.0527,1.8452,0.0301,0.0184,0.1041
1624806560398,0.3887,-9.0599,1.7710,-0.0212,0.0111,0.0846
1624806560407,0.1996,-9.2968,1.7854,-0.0750,0.0111,0.0687
1624806560417,-0.0875,-9.5217,1.8021,-0.1031,0.0074,0.0797
1624806560426,-0.2383,-9.4476,1.8117,-0.0542,-0.0060,0.0711
1624806560436,-0.0803,-9.1604,1.9241,0.0118,-0.0195,0.0479
1624806560446,0.0632,-9.0599,2.0079,0.0362,-0.0134,0.0443
1624806560455,0.0202,-9.1508,1.9576,0.0142,0.0025,0.0394
1624806560465,-0.1330,-9.3327,1.7758,-0.0090,0.0099,0.0382
1624806560475,-0.2765,-9.2322,1.6490,-0.0298,0.0013,0.0418
1624806560484,-0.3100,-8.9834,1.6920,-0.0481,-0.0170,0.0382
1624806560494,-0.2981,-8.8733,1.7184,-0.0957,-0.0231,0.0223
1624806560503,-0.3100,-8.8948,1.6274,-0.1617,-0.0219,0.0150
1624806560513,-0.3053,-8.9307,1.5844,-0.2179,-0.0231,-0.0009
1624806560523,-0.3076,-8.8757,1.7925,-0.2546,-0.0268,-0.0217
1624806560532,-0.2622,-8.9403,1.9959,-0.2692,-0.0182,-0.0400
1624806560541,-0.1736,-8.8996,2.1754,-0.2766,-0.0073,-0.0535
1624806560551,-0.0396,-8.8087,2.1251,-0.2643,0.0001,-0.0608
1624806560561,-0.1019,-8.8111,2.1275,-0.2656,0.0159,-0.0791
1624806560571,-0.3053,-8.8278,1.9696,-0.2594,0.0367,-0.0962
1624806560578,-0.3675,-8.7417,1.8787,-0.2155,0.0379,-0.1353
1624806560588,-0.1641,-8.4976,1.8141,-0.1825,0.0306,-0.1756
1624806560598,0.3480,-8.6436,2.1730,-0.1617,0.0453,-0.2074
1624806560607,0.3839,-9.6079,2.1658,-0.0762,0.0856,-0.2343
1624806560617,-0.1665,-10.4525,2.3501,0.0557,0.1088,-0.2208
1624806560628,-0.2765,-9.9740,2.3094,0.1913,0.0880,-0.1866
1624806560638,0.2475,-9.6797,2.1754,0.2952,0.0831,-0.2123
1624806560648,0.7667,-9.8519,2.2113,0.2842,0.1100,-0.2074
1624806560657,0.5992,-9.6485,2.1515,0.1864,0.1369,-0.1659
1624806560667,0.3001,-9.3279,1.7830,0.0557,0.1406,-0.1487
1624806560677,0.2666,-9.3542,1.3690,-0.1165,0.1345,-0.1304
1624806560686,0.4509,-9.4093,1.3642,-0.2876,0.1259,-0.0962
1624806560695,0.4820,-9.5289,1.3044,-0.3853,0.1113,-0.0816
1624806560705,0.5059,-9.6557,1.1919,-0.4305,0.0905,-0.0779
1624806560715,0.4533,-10.0410,1.1680,-0.3865,0.0673,-0.0620
1624806560724,0.4365,-10.4884,1.2494,-0.2497,0.0441,-0.0522
1624806560734,0.4892,-10.5219,1.5006,-0.0530,0.0159,-0.0339
1624806560744,0.5442,-10.1295,1.7423,0.1559,-0.0195,-0.0217
1624806560753,0.6399,-9.8424,1.7064,0.2854,-0.0317,-0.0193
1624806560763,0.5992,-9.7849,1.6298,0.2964,-0.0219,-0.0070
1624806560772,0.4437,-9.8304,1.6466,0.2646,-0.0146,0.0101
1624806560782,0.3384,-9.7036,1.7184,0.2243,-0.0134,0.0223
1624806560792,0.3121,-9.4930,1.7662,0.1681,-0.0182,0.0210
1624806560801,0.3600,-9.4571,1.7327,0.0826,-0.0158,0.0223
1624806560809,0.3217,-9.4571,1.6753,-0.0237,-0.0085,0.0247
1624806560818,0.2571,-9.5552,1.6298,-0.0994,-0.0024,0.0210
1624806560828,0.1590,-9.6103,1.6083,-0.1080,-0.0085,0.0113
1624806560839,0.1159,-9.6366,1.6298,-0.0591,-0.0243,0.0027
1624806560849,0.0824,-9.5026,1.6729,0.0069,-0.0463,-0.0034
1624806560859,0.1207,-9.3686,1.5748,0.0472,-0.0622,-0.0144
1624806560867,0.2068,-9.3997,1.6753,0.0618,-0.0671,-0.0119
1624806560876,0.2427,-9.5170,1.7231,0.0582,-0.0757,-0.0022
1624806560886,0.2523,-9.4212,1.7495,0.0423,-0.0854,0.0040
1624806560895,0.2523,-9.2944,1.7830,0.0166,-0.0854,0.0040
1624806560907,0.2475,-9.4380,1.5533,-0.0139,-0.0891,-0.0083
1624806560917,0.2188,-9.6438,1.6179,-0.0750,-0.0940,0.0003
1624806560926,0.1709,-9.6940,1.7590,-0.1104,-0.1001,0.0162
1624806560936,0.1829,-9.5935,1.8021,-0.1263,-0.1135,0.0186
1624806560945,0.2738,-9.5552,1.8284,-0.1422,-0.1172,0.0259
1624806560955,0.2858,-9.5600,1.7303,-0.1544,-0.1099,0.0418
1624806560965,0.1853,-9.5648,1.5987,-0.1397,-0.1111,0.0467
1624806560974,0.1805,-9.3518,1.5772,-0.0847,-0.1245,0.0443
1624806560984,0.2762,-9.3136,1.6083,-0.0261,-0.1367,0.0272
1624806560994,0.3528,-9.4260,1.6442,-0.0224,-0.1392,0.0284
1624806561002,0.3336,-9.5433,1.7375,-0.0322,-0.1294,0.0394
1624806561011,0.3432,-9.5217,1.7662,-0.0188,-0.1282,0.0382
1624806561022,0.3288,-9.3829,1.7973,-0.0102,-0.1221,0.0382
1624806561031,0.3839,-9.4164,1.9361,-0.0237,-0.1050,0.0394
1624806561040,0.3934,-9.5696,2.1012,-0.0298,-0.0769,0.0357
1624806561051,0.3384,-9.5480,2.1921,-0.0029,-0.0524,0.0357
1624806561061,0.3360,-9.4810,2.0845,0.0447,-0.0329,0.0296
1624806561070,0.3169,-9.2872,1.9720,0.0606,-0.0121,0.0210
1624806561080,0.2977,-9.2394,1.8595,0.0521,0.0050,0.0210
1624806561090,0.2953,-9.3159,1.8548,0.0496,0.0135,0.0113
1624806561099,0.3456,-9.2489,1.8667,0.0374,0.0135,0.0027
1624806561108,0.4198,-9.3207,1.9218,0.0142,0.0184,-0.0095
1624806561118,0.3934,-9.4643,1.9576,-0.0163,0.0355,-0.0095
1624806561128,0.3552,-9.5672,1.9337,-0.0285,0.0453,-0.0095
1624806561138,0.3288,-9.5576,1.8619,-0.0200,0.0502,-0.0205
1624806561145,0.3336,-9.5672,1.8571,-0.0054,0.0575,-0.0290
1624806561205,0.3480,-9.5744,1.9840,0.0032,0.0673,-0.0254
1624806561206,0.3241,-9.6007,1.9959,0.0240,0.0746,-0.0254
1624806561207,0.3025,-9.5768,1.9959,0.0203,0.0831,-0.0241
1624806561208,0.2690,-9.5361,2.0031,0.0069,0.0929,-0.0193
1624806561209,0.2666,-9.4428,2.0031,-0.0212,0.0990,-0.0193
1624806561209,0.2595,-9.4763,1.9385,-0.0432,0.1100,-0.0229
1624806561218,0.2547,-9.5648,1.8835,-0.0530,0.1149,-0.0254
1624806561222,0.2355,-9.6797,1.8691,-0.0212,0.1174,-0.0339
1624806561231,0.2044,-9.7251,1.8739,0.0362,0.1161,-0.0327
1624806561241,0.1853,-9.6414,1.9050,0.0948,0.1137,-0.0302
1624806561251,0.1972,-9.4882,1.9792,0.1205,0.1149,-0.0254
1624806561261,0.2068,-9.3829,2.0390,0.1046,0.1247,-0.0156
1624806561272,0.1877,-9.3901,1.9816,0.0606,0.1381,-0.0095
1624806561282,0.1039,-9.4691,1.8667,0.0130,0.1491,-0.0095
1624806561290,0.0250,-9.6031,1.8260,0.0044,0.1540,-0.0095
1624806561300,-0.0038,-9.6725,1.8093,0.0337,0.1516,-0.0034
1624806561309,0.0082,-9.5672,1.8380,0.0863,0.1430,-0.0083
1624806561320,0.0561,-9.4739,1.8882,0.1278,0.1406,-0.0132
1624806561329,0.0154,-9.4667,1.9529,0.1413,0.1467,-0.0070
1624806561339,-0.0205,-9.3159,1.9170,0.1241,0.1503,-0.0046
1624806561349,-0.0492,-9.2992,1.8763,0.1070,0.1540,-0.0046
1624806561358,-0.0492,-9.3327,1.8332,0.0887,0.1626,-0.0034
1624806561368,-0.0492,-9.2801,1.9265,0.0826,0.1687,0.0003
1624806561378,-0.0971,-9.2537,1.9218,0.0863,0.1674,0.0027
1624806561387,-0.1593,-9.2801,1.7686,0.0887,0.1662,0.0101
1624806561397,-0.1617,-9.3638,1.6729,0.0863,0.1638,0.0101
1624806561406,-0.2000,-9.4117,1.6083,0.0777,0.1528,0.0076
1624806561414,-0.2311,-9.3806,1.6944,0.0753,0.1406,0.0040
1624806561425,-0.2263,-9.2729,1.7925,0.0838,0.1259,0.0027
1624806561435,-0.2095,-9.2131,1.8069,0.0802,0.1186,-0.0022
1624806561445,-0.2048,-9.3303,1.7662,0.0569,0.1198,0.0040
1624806561455,-0.3196,-9.3518,1.6992,0.0411,0.1174,0.0125
1624806561464,-0.3914,-9.1987,1.6298,0.0399,0.1003,0.0052
1624806561474,-0.3435,-9.0408,1.5700,0.0081,0.0807,-0.0022
1624806561484,-0.2646,-9.1485,1.6107,-0.0603,0.0709,-0.0009
1624806561493,-0.1736,-9.4021,1.7471,-0.1080,0.0685,0.0027
1624806561502,-0.1593,-9.6007,1.7901,-0.1092,0.0636,0.0064
1624806561510,-0.1282,-9.6485,1.7207,-0.0750,0.0514,0.0064
1624806561521,-0.1497,-9.5792,1.6609,-0.0322,0.0367,0.0150
1624806561531,-0.1425,-9.4715,1.5820,-0.0163,0.0208,0.0223
1624806561540,-0.1258,-9.4236,1.6298,-0.0249,0.0111,0.0345
1624806561552,-0.1306,-9.4117,1.7160,-0.0542,0.0050,0.0455
1624806561561,-0.1689,-9.4404,1.7590,-0.1006,0.0013,0.0553
1624806561570,-0.1641,-9.5433,1.6944,-0.1483,-0.0060,0.0699
1624806561580,-0.1090,-9.6151,1.6944,-0.1642,-0.0097,0.0748
1624806561589,-0.0301,-9.6390,1.7710,-0.1727,-0.0048,0.0785
1624806561599,-0.0157,-9.7203,1.7830,-0.1581,0.0025,0.0882
1624806561609,-0.0851,-9.8376,1.7088,-0.1226,0.0099,0.0943
1624806561618,-0.1090,-9.9500,1.6633,-0.0506,0.0135,0.1017
1624806561627,-0.0971,-9.7467,1.7471,0.0399,0.0074,0.1102
1624806561637,-0.0779,-9.4595,1.7423,0.1119,-0.0060,0.1115
1624806561647,-0.0205,-9.3207,1.7112,0.1180,-0.0097,0.1151
1624806561657,0.0154,-9.3925,1.7806,0.0741,-0.0011,0.1286
1624806561665,0.0297,-9.4571,1.8380,0.0252,0.0062,0.1359
1624806561676,0.0106,-9.5409,1.8595,0.0056,0.0147,0.1371
1624806561685,0.0393,-9.5863,1.8906,-0.0066,0.0208,0.1469
1624806561695,0.0297,-9.5600,1.7806,0.0105,0.0245,0.1469
1624806561704,-0.0085,-9.5241,1.7327,0.0252,0.0245,0.1396
1624806561714,-0.0372,-9.4739,1.7519,0.0423,0.0269,0.1371
1624806561723,-0.0349,-9.4643,1.7447,0.0582,0.0233,0.1347
1624806561734,0.0106,-9.4667,1.7184,0.0753,0.0172,0.1310
1624806561743,0.0656,-9.4117,1.6729,0.0838,0.0086,0.1310
1624806561753,0.1398,-9.4500,1.7327,0.0899,0.0013,0.1249
1624806561762,0.1685,-9.4284,1.7279,0.0875,-0.0048,0.1200
1624806561771,0.0632,-9.3494,1.7471,0.0704,-0.0109,0.1188
1624806561781,-0.1114,-9.2872,1.7399,0.0386,-0.0146,0.1212
1624806561791,-0.2430,-9.2633,1.6466,0.0142,-0.0170,0.1200
1624806561801,-0.2335,-9.2777,1.6537,-0.0200,-0.0195,0.1163
1624806561808,-0.1689,-9.3016,1.6322,-0.0383,-0.0231,0.1102
1624806561818,-0.1856,-9.3806,1.5126,-0.0371,-0.0280,0.1017
1624806561827,-0.2670,-9.4547,1.4791,-0.0163,-0.0402,0.1005
1624806561837,-0.3459,-9.2370,1.5317,0.0203,-0.0573,0.0968
1624806561847,-0.4034,-8.8924,1.4934,0.0447,-0.0744,0.0821
1624806561858,-0.4393,-8.6627,1.5389,0.0276,-0.0806,0.0675
1624806561868,-0.5039,-8.5837,1.5150,-0.0237,-0.0818,0.0491
1624806561878,-0.5732,-8.4593,1.5341,-0.0921,-0.0830,0.0210
1624806561887,-0.5326,-8.3445,1.5676,-0.1678,-0.0867,-0.0132
1624806561897,-0.4153,-8.3421,1.8165,-0.2216,-0.0806,-0.0510
1624806561906,-0.4656,-8.2009,1.8763,-0.2680,-0.0744,-0.0864
1624806561916,-0.5158,-7.9496,1.7590,-0.3401,-0.0695,-0.1219
1624806561925,-0.2981,-7.9592,1.5293,-0.4537,-0.0622,-0.1646
1624806561934,0.0297,-8.4115,1.3666,-0.5966,-0.0488,-0.2123
1624806561945,0.4485,-9.6318,1.8117,-0.6418,0.0001,-0.2270
1624806561954,0.0704,-11.2278,1.7830,-0.4158,0.0441,-0.2330
1624806561964,-0.5661,-11.5676,2.0605,-0.0676,0.0404,-0.1597
1624806561974,-0.1114,-9.7873,2.0175,0.2036,-0.0158,-0.1463
1624806561983,0.6447,-9.0360,1.8117,0.2744,-0.0146,-0.1695
1624806561993,0.6184,-9.1269,1.7064,0.0667,0.0575,-0.1463
1624806562002,0.0321,-9.5887,1.5724,-0.1776,0.1161,-0.0962
1624806562012,-0.1019,-9.7993,1.4552,-0.3266,0.1357,-0.0913
1624806562022,0.1207,-9.8639,1.1895,-0.3731,0.1284,-0.0791
1624806562031,0.2092,-9.7945,0.9431,-0.3755,0.1125,-0.0669
1624806562039,0.1733,-9.8735,0.8474,-0.3474,0.1003,-0.0681
1624806562050,0.0920,-10.0912,0.8880,-0.2802,0.0795,-0.0559
1624806562060,0.1302,-10.1726,1.0173,-0.1629,0.0453,-0.0376
1624806562070,0.1709,-10.0482,1.1082,-0.0102,0.0050,-0.0278
1624806562079,0.2283,-9.7969,1.2039,0.1022,-0.0219,-0.0193
1624806562089,0.1877,-9.8017,1.2135,0.1486,-0.0268,-0.0083
1624806562098,0.0872,-9.8017,1.2518,0.1791,-0.0268,-0.0046
1624806562106,0.0130,-9.7538,1.3020,0.2023,-0.0329,-0.0009
1624806562116,-0.0277,-9.6797,1.3858,0.2072,-0.0366,0.0040
1624806562125,-0.0014,-9.5576,1.4576,0.1657,-0.0390,0.0076
1624806562135,0.0441,-9.5744,1.4599,0.0924,-0.0317,0.0064
1624806562147,0.0154,-9.5289,1.4312,0.0118,-0.0219,0.0040
1624806562156,-0.0157,-9.5074,1.4384,-0.0518,-0.0170,0.0052
1624806562165,-0.0516,-9.5911,1.4384,-0.0774,-0.0109,0.0027
1624806562175,0.0082,-9.6462,1.4552,-0.0774,-0.0073,0.0015
1624806562185,0.0250,-9.6198,1.5030,-0.0506,-0.0109,0.0040
1624806562195,0.0154,-9.5313,1.5413,-0.0151,-0.0158,-0.0034
1624806562204,-0.0109,-9.4595,1.4886,0.0069,-0.0121,-0.0083
1624806562214,0.0082,-9.4284,1.4791,0.0166,-0.0097,-0.0119
1624806562223,0.0609,-9.3973,1.5413,0.0179,-0.0060,-0.0193
1624806562233,0.0800,-9.4069,1.6107,0.0130,-0.0011,-0.0205
1624806562242,0.0632,-9.4308,1.5652,-0.0066,0.0037,-0.0193
1624806562252,0.0058,-9.6079,1.5676,-0.0163,0.0135,-0.0156
1624806562260,-0.0181,-9.7155,1.5245,-0.0237,0.0184,-0.0095
1624806562271,-0.0468,-9.6821,1.4312,-0.0115,0.0135,0.0003
1624806562280,-0.0564,-9.5552,1.3810,-0.0041,0.0037,0.0027
1624806562289,-0.0014,-9.5744,1.4671,-0.0249,0.0013,0.0027
1624806562300,0.0297,-9.6677,1.5604,-0.0713,0.0111,0.0113
1624806562310,-0.0061,-9.7634,1.5198,-0.0774,0.0172,0.0223
1624806562319,0.0130,-9.8041,1.4599,-0.0701,0.0184,0.0198
1624806562328,0.0274,-9.8424,1.4288,-0.0371,0.0196,0.0259
1624806562338,0.0393,-9.7945,1.3642,0.0118,0.0147,0.0369
1624806562348,0.0656,-9.6127,1.3235,0.0631,-0.0024,0.0430
1624806562358,0.1374,-9.5624,1.3116,0.1009,-0.0158,0.0406
1624806562367,0.2116,-9.6485,1.3235,0.1107,-0.0170,0.0491
1624806562377,0.1398,-9.6557,1.2183,0.1193,-0.0280,0.0614
1624806562387,0.0106,-9.5289,1.2446,0.1425,-0.0390,0.0614
1624806562396,-0.0109,-9.4308,1.2853,0.1376,-0.0475,0.0638
1624806562406,0.0561,-9.3997,1.4001,0.1034,-0.0475,0.0699
1624806562414,0.1015,-9.3686,1.4647,0.0777,-0.0415,0.0699
1624806562423,0.0848,-9.3901,1.4432,0.0594,-0.0317,0.0565
1624806562433,-0.0038,-9.4260,1.3594,0.0472,-0.0256,0.0504
1624806562442,-0.0014,-9.4906,1.3475,0.0399,-0.0243,0.0467
1624806562453,0.0058,-9.4332,1.3738,0.0203,-0.0256,0.0357
1624806562464,0.0274,-9.4404,1.4480,0.0008,-0.0256,0.0394
1624806562473,0.0848,-9.4093,1.5676,-0.0163,-0.0182,0.0406
1624806562483,0.0752,-9.3710,1.5939,-0.0322,-0.0048,0.0284
1624806562492,0.0058,-9.3782,1.4169,-0.0469,0.0062,0.0210
1624806562502,-0.0157,-9.4045,1.3140,-0.0396,0.0123,0.0162
1624806562511,-0.0755,-9.3542,1.2733,-0.0102,0.0196,0.0040
1624806562521,-0.0755,-9.2705,1.3044,0.0289,0.0135,-0.0132
1624806562531,-0.0396,-9.3447,1.3523,0.0618,0.0050,-0.0290
1624806562540,0.0417,-9.4978,1.4695,0.0851,0.0050,-0.0351
1624806562550,0.0513,-9.4356,1.6155,0.0985,0.0099,-0.0388
1624806562559,0.0345,-9.2872,1.6944,0.0973,0.0147,-0.0498
1624806562569,-0.0038,-9.2298,1.7303,0.0631,0.0269,-0.0535
1624806562579,-0.0372,-9.2489,1.6968,-0.0066,0.0392,-0.0474
1624806562588,-0.1066,-9.3542,1.6897,-0.0664,0.0514,-0.0461
1624806562598,-0.1712,-9.4571,1.6585,-0.0994,0.0636,-0.0522
1624806562607,-0.1832,-9.5887,1.6609,-0.0945,0.0697,-0.0510
1624806562617,-0.1856,-9.6557,1.5844,-0.0457,0.0660,-0.0535
1624806562627,-0.1928,-9.5935,1.6585,0.0069,0.0624,-0.0498
1624806562636,-0.1425,-9.4667,1.7471,0.0508,0.0636,-0.0425
1624806562646,-0.1019,-9.3997,1.7614,0.0594,0.0709,-0.0474
1624806562656,-0.1712,-9.4476,1.7136,0.0386,0.0807,-0.0425
1624806562665,-0.2239,-9.4834,1.7255,0.0118,0.0905,-0.0351
1624806562675,-0.2454,-9.4810,1.7710,0.0093,0.0978,-0.0364
1624806562684,-0.2694,-9.5480,1.7064,0.0069,0.1015,-0.0351
1624806562694,-0.2526,-9.6007,1.7495,0.0069,0.1076,-0.0254
1624806562703,-0.2024,-9.5792,1.6801,0.0130,0.1125,-0.0205
1624806562713,-0.2311,-9.6103,1.6849,0.0252,0.1210,-0.0205
1624806562721,-0.2765,-9.6725,1.6179,0.0423,0.1210,-0.0180
1624806562730,-0.2813,-9.6964,1.6059,0.0887,0.1210,-0.0107
1624806562740,-0.2646,-9.5122,1.5963,0.1168,0.1222,-0.0119
1624806562750,-0.2670,-9.3494,1.5963,0.1095,0.1235,-0.0095
1624806562762,-0.2909,-9.3614,1.5796,0.0716,0.1271,-0.0034
1624806562771,-0.3363,-9.5313,1.5341,0.0252,0.1284,0.0003
1624806562780,-0.3172,-9.7132,1.4910,0.0020,0.1247,0.0064
1624806562790,-0.3292,-9.7012,1.4576,0.0142,0.1186,0.0137
1624806562800,-0.3459,-9.6509,1.3762,0.0496,0.1064,0.0113
1624806562809,-0.3029,-9.5839,1.3666,0.0863,0.0941,0.0089
1624806562819,-0.2789,-9.6007,1.3188,0.1046,0.0844,0.0150
1624806562835,-0.3220,-9.5457,1.3020,0.1131,0.0722,0.0186
1624806562836,-0.3340,-9.4810,1.3020,0.1058,0.0563,0.0210
1624806562847,-0.3316,-9.3973,1.3499,0.0924,0.0404,0.0272
1624806562857,-0.2789,-9.2801,1.3546,0.0789,0.0233,0.0308
1624806562867,-0.2837,-9.2848,1.2948,0.0533,0.0111,0.0272
1624806562876,-0.3100,-9.3710,1.2829,0.0154,0.0013,0.0320
1624806562886,-0.2933,-9.3806,1.2877,-0.0054,-0.0109,0.0345
1624806562895,-0.2335,-9.3997,1.3044,-0.0139,-0.0243,0.0272
1624806562905,-0.2095,-9.4523,1.2805,-0.0224,-0.0329,0.0308
1624806562914,-0.2119,-9.5696,1.2829,-0.0090,-0.0378,0.0320
1624806562924,-0.2717,-9.5720,1.2805,0.0227,-0.0512,0.0296
1624806562933,-0.2574,-9.4164,1.3642,0.0753,-0.0647,0.0320
1624806562944,-0.1928,-9.2178,1.4599,0.0912,-0.0732,0.0284
1624806562953,-0.1569,-9.1389,1.5604,0.0716,-0.0732,0.0284
1624806562963,-0.1545,-9.1987,1.5389,0.0240,-0.0647,0.0296
1624806562972,-0.1689,-9.3494,1.5126,-0.0200,-0.0524,0.0272
1624806562982,-0.2311,-9.5337,1.4336,-0.0359,-0.0439,0.0259
1624806562992,-0.2430,-9.5959,1.4695,-0.0200,-0.0390,0.0259
1624806563001,-0.2143,-9.5098,1.5102,0.0118,-0.0415,0.0247
1624806563011,-0.1425,-9.5122,1.6585,0.0264,-0.0329,0.0284
1624806563019,-0.0899,-9.5959,1.7567,0.0289,-0.0158,0.0357
1624806563028,-0.0564,-9.6438,1.8093,0.0203,0.0013,0.0406
1624806563039,-0.0803,-9.6127,1.6514,0.0154,0.0099,0.0504
1624806563048,-0.0899,-9.6031,1.5198,0.0008,0.0111,0.0516
1624806563058,-0.0803,-9.6198,1.5174,-0.0310,0.0099,0.0577
1624806563069,-0.0779,-9.6246,1.5700,-0.0383,0.0111,0.0638
1624806563078,-0.1210,-9.5552,1.5844,-0.0261,0.0123,0.0626
1624806563088,-0.1521,-9.5337,1.5820,-0.0224,0.0172,0.0614
1624806563098,-0.1952,-9.5361,1.5628,-0.0285,0.0208,0.0614
1624806563107,-0.2622,-9.4595,1.5437,-0.0383,0.0196,0.0614
1624806563117,-0.3651,-9.2872,1.5126,-0.0432,0.0099,0.0614
1624806563127,-0.4369,-9.2226,1.5652,-0.0591,0.0025,0.0577
1624806563135,-0.3770,-9.1317,1.6849,-0.0762,0.0013,0.0565
1624806563146,-0.2741,-9.1580,1.6370,-0.0847,0.0025,0.0504
1624806563155,-0.1521,-9.2489,1.4934,-0.0896,0.0013,0.0369
1624806563165,0.0226,-9.2848,1.3570,-0.0823,-0.0109,0.0333
1624806563175,0.1039,-9.3159,1.4743,-0.0566,-0.0256,0.0210
1624806563184,-0.2048,-9.1149,1.6657,-0.0396,-0.0256,0.0052
1624806563194,-0.6546,-8.8206,1.5868,-0.0188,-0.0182,-0.0083
1624806563203,-0.5852,-8.8254,1.5245,-0.0090,-0.0146,-0.0278
1624806563213,-0.2383,-8.8733,1.5269,-0.0115,-0.0134,-0.0486
1624806563222,-0.1090,-8.7728,1.4647,-0.0347,-0.0134,-0.0645
1624806563232,-0.2048,-8.6699,1.5269,-0.0554,-0.0109,-0.0779
1624806563242,-0.3555,-8.6077,1.4552,-0.1067,-0.0109,-0.0950
1624806563251,-0.4919,-8.5837,1.1154,-0.1715,-0.0121,-0.1219
1624806563261,-0.3340,-8.6149,1.1154,-0.2448,-0.0243,-0.1427
1624806563270,0.1279,-9.3279,1.4264,-0.2717,-0.0182,-0.1744
1624806563280,0.1350,-10.8880,1.2996,-0.1813,0.0147,-0.1854
1624806563290,-0.2048,-11.3546,1.8093,-0.0237,0.0208,-0.1219
1624806563299,0.1302,-9.9118,1.9265,0.1669,-0.0231,-0.1145
1624806563307,0.4150,-9.2872,1.6777,0.2964,-0.0134,-0.1671
1624806563316,0.3336,-9.4093,1.5509,0.1510,0.0538,-0.1304
1624806563326,0.0465,-9.4093,1.5748,-0.0566,0.0990,-0.0816
1624806563336,-0.0516,-9.0168,1.3475,-0.1984,0.0978,-0.0999
1624806563345,0.0154,-8.6938,1.0747,-0.3609,0.0917,-0.0999
1624806563357,0.0058,-8.9451,0.7493,-0.5527,0.0929,-0.0791
1624806563367,-0.0492,-9.7132,0.4621,-0.6797,0.0905,-0.0901
1624806563376,-0.1066,-10.5004,0.5315,-0.6406,0.0758,-0.0889
1624806563386,-0.0923,-10.7684,0.7062,-0.4195,0.0355,-0.0791
1624806563395,0.1231,-10.5076,0.9168,-0.1165,-0.0109,-0.0779
1624806563405,0.3049,-10.1223,1.2589,0.1119,-0.0415,-0.0681
1624806563415,0.4222,-9.6940,1.4934,0.2121,-0.0451,-0.0461
1624806563424,0.4150,-9.6773,1.4288,0.2305,-0.0195,-0.0364
1624806563434,0.2331,-9.8184,1.3188,0.2121,0.0196,-0.0278
1624806563444,0.0465,-9.7491,1.3188,0.2011,0.0441,-0.0205
1624806563453,-0.0109,-9.5648,1.2422,0.2048,0.0477,-0.0217
1624806563463,0.0034,-9.4691,1.1178,0.1767,0.0453,-0.0180
1624806563473,0.0345,-9.4763,1.0699,0.1229,0.0404,-0.0180
1624806563482,0.0250,-9.5193,1.0699,0.0655,0.0269,-0.0229
1624806563491,0.0537,-9.5863,1.1728,0.0142,0.0184,-0.0193
1624806563501,0.1039,-9.5887,1.2135,-0.0127,0.0037,-0.0132
1624806563511,0.1877,-9.7203,1.2446,0.0069,0.0013,-0.0156
1624806563521,0.1494,-9.8113,1.2542,0.0350,0.0037,-0.0156
1624806563530,0.0967,-9.8232,1.3020,0.0789,0.0062,-0.0095
1624806563540,0.0943,-9.8017,1.3020,0.1486,0.0050,-0.0083
1624806563549,0.0848,-9.6557,1.3523,0.1828,0.0037,-0.0009
1624806563559,0.0345,-9.4595,1.3810,0.1742,0.0037,0.0076
1624806563568,-0.0061,-9.3136,1.3738,0.1376,0.0050,0.0076
1624806563578,0.0130,-9.3183,1.2661,0.0618,0.0074,0.0052
1624806563588,-0.0109,-9.4069,1.2254,-0.0285,0.0111,0.0113
1624806563597,-0.0875,-9.5241,1.2422,-0.0811,0.0074,0.0064
1624806563605,-0.0396,-9.6629,1.2709,-0.1019,-0.0011,0.0052
1624806563614,0.0274,-9.9213,1.3212,-0.0786,-0.0048,0.0064
1624806563624,0.0920,-9.9070,1.4432,-0.0285,-0.0085,0.0015
1624806563634,0.1302,-9.8448,1.5413,0.0350,-0.0134,0.0040
1624806563645,0.1566,-9.6844,1.6011,0.0728,-0.0121,0.0113
1624806563655,0.1637,-9.5816,1.5533,0.0753,-0.0048,0.0198
1624806563664,0.1590,-9.5457,1.4599,0.0594,0.0050,0.0198
1624806563674,0.1925,-9.6222,1.3882,0.0337,0.0074,0.0210
1624806563684,0.1063,-9.6174,1.3188,0.0179,-0.0011,0.0259
1624806563694,0.0178,-9.5792,1.3546,0.0264,-0.0060,0.0320
1624806563703,0.0250,-9.5696,1.4384,0.0350,-0.0146,0.0284
1624806563713,0.0393,-9.5983,1.4360,0.0460,-0.0207,0.0333
1624806563722,0.0465,-9.5959,1.3235,0.0582,-0.0231,0.0357
1624806563731,-0.0109,-9.4930,1.2924,0.0716,-0.0268,0.0284
1624806563741,0.0058,-9.4236,1.3379,0.0557,-0.0292,0.0223
1624806563750,0.0250,-9.4164,1.4025,0.0447,-0.0317,0.0272
1624806563759,-0.0061,-9.3614,1.4647,0.0350,-0.0292,0.0259
1624806563770,-0.0085,-9.3471,1.5293,0.0252,-0.0280,0.0210
1624806563780,-0.0372,-9.4452,1.5628,0.0374,-0.0195,0.0162
1624806563790,0.0010,-9.4500,1.5150,0.0447,-0.0170,0.0113
1624806563799,-0.0061,-9.3877,1.4743,0.0484,-0.0134,0.0150
1624806563809,-0.0157,-9.4595,1.4767,0.0533,-0.0073,0.0064
1624806563818,-0.0277,-9.4739,1.4552,0.0508,0.0062,0.0101
1624806563828,-0.0827,-9.5504,1.4623,0.0765,0.0135,0.0125
1624806563838,-0.1449,-9.5074,1.5461,0.1022,0.0196,0.0015
1624806563847,-0.1593,-9.3877,1.5126,0.1156,0.0294,-0.0022
1624806563857,-0.0564,-9.1939,1.5700,0.1046,0.0343,-0.0058
1624806563866,0.0441,-9.1556,1.5604,0.0460,0.0477,-0.0193
1624806563876,0.0776,-9.3877,1.5317,-0.0273,0.0734,-0.0168
1624806563883,0.0537,-9.6366,1.4671,-0.0652,0.0966,-0.0132
1624806563893,-0.0253,-9.7491,1.4863,-0.0444,0.1088,-0.0168
1624806563903,-0.0660,-9.6821,1.4528,0.0130,0.1100,-0.0205
1624806563912,-0.0803,-9.5576,1.4432,0.0557,0.1076,-0.0180
1624806563922,-0.0588,-9.4284,1.4910,0.0643,0.1039,-0.0083
1624806563933,-0.0588,-9.3949,1.5509,0.0399,0.1100,-0.0070
1624806563943,-0.0732,-9.4069,1.5700,0.0044,0.1161,-0.0046
1624806563953,-0.0564,-9.4188,1.5341,-0.0054,0.1210,-0.0022
1624806563963,-0.0684,-9.5217,1.4839,-0.0005,0.1259,-0.0107
1624806563972,-0.1497,-9.6055,1.4863,0.0166,0.1259,-0.0058
1624806563982,-0.1449,-9.4978,1.5293,0.0447,0.1186,-0.0058
1624806563991,-0.1760,-9.3471,1.4623,0.0655,0.1174,-0.0156
1624806564001,-0.2765,-9.2992,1.3905,0.0545,0.1137,-0.0156
1624806564011,-0.3531,-9.3566,1.3116,0.0374,0.1064,-0.0168
1624806564020,-0.3148,-9.4117,1.3594,0.0276,0.0966,-0.0302
1624806564030,-0.2622,-9.4595,1.4408,0.0337,0.0880,-0.0376
1624806564039,-0.1856,-9.4954,1.5102,0.0460,0.0807,-0.0400
1624806564049,-0.1258,-9.4906,1.5556,0.0618,0.0746,-0.0327
1624806564058,-0.1066,-9.5504,1.6466,0.0594,0.0795,-0.0278
1624806564068,-0.1545,-9.4117,1.6801,0.0447,0.0844,-0.0205
1624806564077,-0.1760,-9.4117,1.5748,0.0411,0.0831,-0.0156
1624806564087,-0.2526,-9.5337,1.3666,0.0264,0.0831,-0.0144
1624806564097,-0.3363,-9.5744,1.2518,0.0130,0.0758,0.0076
1624806564107,-0.3292,-9.5504,1.3164,0.0411,0.0563,0.0064
1624806564116,-0.3076,-9.4260,1.3905,0.0679,0.0428,-0.0022
1624806564126,-0.2837,-9.4140,1.4145,0.0789,0.0404,0.0027
1624806564136,-0.2933,-9.3853,1.4623,0.0679,0.0392,0.0015
1624806564145,-0.3124,-9.3638,1.5293,0.0521,0.0404,0.0015
1624806564155,-0.3268,-9.4284,1.4910,0.0325,0.0392,0.0027
1624806564164,-0.3148,-9.5385,1.4504,0.0227,0.0355,0.0027
1624806564174,-0.2550,-9.5792,1.4216,0.0227,0.0306,0.0052
1624806564181,-0.1904,-9.6892,1.4097,0.0386,0.0282,0.0089
1624806564191,-0.1473,-9.7467,1.4384,0.0533,0.0233,0.0174
1624806564201,-0.1689,-9.6844,1.3810,0.0741,0.0135,0.0308
1624806564210,-0.1976,-9.5313,1.3570,0.0887,0.0050,0.0357
1624806564220,-0.1808,-9.4428,1.4145,0.0789,0.0001,0.0382
1624806564232,-0.1736,-9.4404,1.4432,0.0460,0.0025,0.0382
1624806564241,-0.1832,-9.4810,1.5030,0.0166,0.0013,0.0430
1624806564251,-0.1425,-9.4930,1.4910,0.0008,-0.0048,0.0516
1624806564260,-0.1354,-9.5146,1.4384,-0.0102,-0.0109,0.0577
1624806564270,-0.1760,-9.5816,1.3953,-0.0249,-0.0134,0.0663
1624806564280,-0.1832,-9.6653,1.4719,-0.0066,-0.0146,0.0711
1624806564289,-0.2000,-9.6270,1.6179,0.0337,-0.0170,0.0748
1624806564298,-0.2454,-9.5241,1.6274,0.0814,-0.0195,0.0748
1624806564308,-0.2239,-9.4284,1.6585,0.1022,-0.0182,0.0687
1624806564318,-0.1330,-9.3231,1.6179,0.0863,-0.0109,0.0699
1624806564327,-0.0971,-9.3447,1.5556,0.0399,-0.0048,0.0711
1624806564337,-0.1354,-9.3758,1.5078,-0.0102,0.0037,0.0785
1624806564347,-0.2000,-9.4500,1.4719,-0.0542,0.0025,0.0870
1624806564356,-0.2406,-9.5457,1.5413,-0.0518,0.0050,0.0846
1624806564366,-0.2383,-9.5887,1.6490,-0.0432,0.0086,0.0895
1624806564376,-0.2167,-9.5409,1.6777,-0.0041,0.0111,0.0882
1624806564385,-0.2478,-9.4691,1.6394,0.0289,0.0123,0.0797
1624806564395,-0.2741,-9.3806,1.6059,0.0447,0.0159,0.0773
1624806564405,-0.2622,-9.3734,1.5820,0.0447,0.0172,0.0785
1624806564414,-0.2502,-9.3351,1.6537,0.0252,0.0208,0.0785
1624806564424,-0.2670,-9.2155,1.6753,0.0154,0.0257,0.0797
1624806564433,-0.3220,-9.1317,1.5820,0.0056,0.0294,0.0687
1624806564443,-0.3842,-9.1508,1.4886,-0.0115,0.0306,0.0614
1624806564453,-0.3914,-9.0456,1.4815,-0.0188,0.0294,0.0553
1624806564462,-0.3435,-8.9522,1.4336,-0.0237,0.0257,0.0345
1624806564472,-0.1354,-8.8278,1.3451,-0.0322,0.0208,0.0186
1624806564481,0.1518,-8.9235,1.4647,-0.0493,0.0074,-0.0070
1624806564489,-0.0851,-8.8828,1.6514,-0.0994,0.0147,-0.0412
1624806564498,-0.7982,-8.6986,1.5891,-0.1532,0.0294,-0.0510
1624806564508,-0.6881,-8.6579,1.4432,-0.2020,0.0172,-0.0669
1624806564518,-0.1066,-8.9738,1.3810,-0.2534,0.0123,-0.1023
1624806564528,0.1925,-9.1173,1.4480,-0.3071,0.0172,-0.1231
1624806564539,0.0561,-9.0695,1.4049,-0.3303,0.0159,-0.1317
1624806564549,-0.1736,-8.9116,1.1848,-0.3548,0.0184,-0.1463
1624806564558,-0.1090,-10.2683,0.9311,-0.3120,0.0343,-0.1390
1624806564568,-0.2335,-11.1297,0.9909,-0.1556,0.0306,-0.1109
1624806564577,-0.1712,-10.2372,1.3475,0.0704,-0.0170,-0.0889
1624806564587,-0.0181,-9.1102,1.3810,0.2219,-0.0585,-0.1219
1624806564597,0.1398,-8.8565,1.4552,0.1584,-0.0378,-0.1268
1624806564606,0.1207,-9.3136,1.4743,-0.0371,0.0086,-0.1035
1624806564616,-0.0157,-9.4619,1.4264,-0.1837,0.0331,-0.0938
1624806564625,-0.0205,-9.3542,1.3379,-0.2338,0.0404,-0.1084
1624806564635,-0.0085,-9.3566,1.1537,-0.2546,0.0404,-0.1097
1624806564645,-0.0229,-9.5983,0.9646,-0.2680,0.0428,-0.1035
1624806564654,-0.0660,-10.0601,0.8593,-0.2228,0.0343,-0.1035
1624806564664,-0.0420,-10.2659,1.0125,-0.1141,0.0184,-0.0938
1624806564673,-0.0612,-9.9309,1.1441,0.0227,-0.0097,-0.0877
1624806564683,0.0680,-9.5600,1.5006,0.1119,-0.0268,-0.0840
1624806564693,0.2331,-9.4093,1.6609,0.1254,-0.0170,-0.0816
1624806564702,0.1996,-9.4547,1.5891,0.0789,0.0147,-0.0730
1624806564711,0.0609,-9.5313,1.4001,0.0203,0.0428,-0.0693
1624806564721,-0.0085,-9.6916,1.1967,-0.0163,0.0563,-0.0706
1624806564729,0.0154,-9.8328,1.1608,-0.0334,0.0612,-0.0718
1624806564741,0.0728,-9.8759,1.1417,-0.0249,0.0526,-0.0693
1624806564750,0.0943,-9.8974,1.0508,-0.0127,0.0367,-0.0693
1624806564760,0.1207,-9.8376,1.0795,-0.0188,0.0257,-0.0571
1624806564769,0.1231,-9.7610,1.1154,-0.0139,0.0184,-0.0498
1624806564779,0.1566,-9.7491,1.2087,-0.0139,0.0123,-0.0474
1624806564787,0.1255,-9.8256,1.2996,-0.0139,0.0135,-0.0400
1624806564796,0.1015,-9.7395,1.2757,0.0069,0.0123,-0.0376
1624806564806,0.0967,-9.6581,1.2350,0.0142,0.0123,-0.0376
1624806564815,0.0704,-9.7538,1.2972,0.0032,0.0184,-0.0327
1624806564825,0.0609,-9.8041,1.3283,-0.0029,0.0184,-0.0217
1624806564837,0.0417,-9.6318,1.3068,0.0056,0.0111,-0.0119
1624806564846,0.0393,-9.5361,1.2446,0.0081,0.0062,-0.0046
1624806564856,0.0345,-9.5792,1.2805,0.0069,0.0050,-0.0009
1624806564866,-0.0277,-9.6055,1.3283,0.0191,0.0037,0.0015
1624806564875,-0.0205,-9.5480,1.3427,0.0472,0.0025,0.0015
1624806564885,0.0178,-9.4763,1.3618,0.0655,0.0062,0.0003
1624806564895,0.0585,-9.4643,1.4121,0.0692,0.0111,0.0003
1624806564904,0.0417,-9.4164,1.4456,0.0521,0.0172,0.0052
1624806564914,-0.0420,-9.4476,1.3666,0.0496,0.0233,0.0064
1624806564923,-0.0779,-9.4452,1.2781,0.0533,0.0245,-0.0009
1624806564932,-0.0995,-9.4547,1.1513,0.0496,0.0184,-0.0070
1624806564941,-0.0899,-9.4930,1.0627,0.0423,0.0099,-0.0083
1624806564952,-0.0157,-9.4260,1.0843,0.0276,-0.0085,-0.0156
1624806564961,0.0465,-9.3447,1.0675,0.0118,-0.0231,-0.0241
1624806564969,0.2020,-9.4069,1.2326,-0.0029,-0.0268,-0.0315
1624806564981,0.2283,-9.4739,1.3594,-0.0188,-0.0256,-0.0376
1624806564990,0.1207,-9.5935,1.3499,0.0142,-0.0219,-0.0437
1624806565000,0.1613,-9.5959,1.2853,0.0508,-0.0268,-0.0461
1624806565010,0.2044,-9.7108,1.2350,0.0765,-0.0305,-0.0437
1624806565019,0.1613,-9.6055,1.2661,0.0753,-0.0317,-0.0400
1624806565028,0.1757,-9.4069,1.2733,0.0741,-0.0353,-0.0376
1624806565037,0.2260,-9.3255,1.2661,0.0447,-0.0341,-0.0510
1624806565049,0.1949,-9.4428,1.2087,-0.0175,-0.0256,-0.0510
1624806565058,0.1542,-9.6581,1.2231,-0.0469,-0.0231,-0.0437
1624806565068,0.1279,-9.7825,1.2494,-0.0383,-0.0268,-0.0498
1624806565077,0.1350,-9.7155,1.3020,-0.0115,-0.0305,-0.0474
1624806565087,0.1661,-9.6940,1.3188,0.0264,-0.0317,-0.0474
1624806565094,0.1566,-9.6127,1.4169,0.0606,-0.0231,-0.0486
1624806565104,0.1757,-9.6533,1.5102,0.0741,-0.0121,-0.0388
1624806565113,0.1231,-9.6055,1.5461,0.0618,0.0001,-0.0278
1624806565123,0.1111,-9.4643,1.4408,0.0313,0.0111,-0.0229
1624806565134,0.1566,-9.4978,1.3618,-0.0127,0.0208,-0.0278
1624806565145,0.1135,-9.5887,1.3283,-0.0481,0.0331,-0.0217
1624806565154,0.0872,-9.6557,1.3212,-0.0566,0.0428,-0.0119
1624806565164,0.0489,-9.6701,1.3594,-0.0261,0.0465,-0.0119
1624806565173,0.0537,-9.6151,1.4145,0.0081,0.0502,-0.0095
1624806565183,0.0920,-9.5457,1.4097,0.0508,0.0526,-0.0107
1624806565192,0.0800,-9.4500,1.4288,0.0569,0.0624,-0.0083
1624806565202,0.0321,-9.4428,1.3905,0.0557,0.0709,-0.0009
1624806565212,-0.0085,-9.4380,1.4288,0.0508,0.0746,-0.0009
1624806565221,0.0154,-9.4164,1.4791,0.0289,0.0795,-0.0009
1624806565230,-0.0205,-9.3877,1.4216,0.0227,0.0856,0.0015
1624806565240,-0.0157,-9.5050,1.3953,0.0227,0.0856,-0.0034
1624806565250,-0.0085,-9.4978,1.3786,0.0301,0.0880,-0.0107
1624806565259,-0.0301,-9.5074,1.3786,0.0447,0.0905,-0.0119
1624806565269,-0.0109,-9.4906,1.4097,0.0533,0.0905,-0.0168
1624806565278,0.0010,-9.4188,1.4599,0.0435,0.0917,-0.0193
1624806565288,-0.0205,-9.4476,1.4193,0.0313,0.0954,-0.0193
1624806565297,-0.0396,-9.5122,1.4456,0.0227,0.1015,-0.0180
1624806565308,-0.0564,-9.4787,1.3953,0.0215,0.1015,-0.0144
1624806565317,-0.0708,-9.5385,1.2948,0.0313,0.0978,-0.0168
1624806565326,-0.0803,-9.6509,1.3188,0.0350,0.0966,-0.0107
1624806565335,-0.1354,-9.6366,1.2805,0.0484,0.0868,0.0003
1624806565346,-0.1378,-9.5839,1.3068,0.0631,0.0734,-0.0009
1624806565356,-0.0995,-9.5026,1.3451,0.0728,0.0660,0.0064
1624806565365,-0.1066,-9.4691,1.3570,0.0606,0.0624,0.0125
1624806565374,-0.1354,-9.5074,1.2733,0.0460,0.0575,0.0113
1624806565384,-0.1234,-9.5241,1.2829,0.0472,0.0514,0.0162
1624806565394,-0.0875,-9.4380,1.3212,0.0545,0.0416,0.0198
1624806565402,-0.0444,-9.4236,1.3140,0.0533,0.0343,0.0186
1624806565411,-0.0755,-9.5385,1.3164,0.0399,0.0318,0.0259
1624806565421,-0.0732,-9.5289,1.3355,0.0252,0.0331,0.0382
1624806565430,-0.0947,-9.4045,1.3355,0.0191,0.0294,0.0369
1624806565441,-0.1402,-9.3542,1.2996,0.0130,0.0294,0.0320
1624806565452,-0.1306,-9.4069,1.3235,0.0069,0.0294,0.0296
1624806565461,-0.1234,-9.5122,1.3235,0.0105,0.0269,0.0247
1624806565471,-0.0827,-9.5887,1.3355,0.0289,0.0208,0.0247
1624806565480,-0.0612,-9.5552,1.3116,0.0533,0.0147,0.0284
1624806565490,-0.0588,-9.5170,1.2805,0.0643,0.0099,0.0308
1624806565500,-0.0420,-9.4523,1.3403,0.0533,0.0099,0.0382
1624806565509,-0.0851,-9.4212,1.3164,0.0337,0.0062,0.0394
1624806565519,-0.0779,-9.4045,1.3164,0.0179,0.0062,0.0333
1624806565528,-0.0851,-9.4452,1.3164,-0.0029,0.0062,0.0320
1624806565538,-0.0660,-9.5983,1.3905,-0.0273,0.0086,0.0333
1624806565548,-0.0372,-9.6964,1.4408,-0.0261,0.0123,0.0394
1624806565557,-0.0492,-9.6677,1.4719,0.0020,0.0111,0.0418
1624806565567,-0.0277,-9.6246,1.4599,0.0386,0.0074,0.0418
1624806565577,-0.0349,-9.5863,1.4982,0.0472,0.0037,0.0553
1624806565586,-0.0851,-9.5241,1.4791,0.0631,-0.0011,0.0626
1624806565596,-0.0995,-9.4308,1.4408,0.0545,-0.0048,0.0601
1624806565605,-0.0803,-9.4093,1.3810,0.0313,-0.0073,0.0626
1624806565615,-0.0803,-9.4882,1.3642,0.0069,-0.0085,0.0626
1624806565625,-0.1234,-9.5122,1.4647,-0.0066,-0.0109,0.0565
1624806565634,-0.0755,-9.5863,1.5030,-0.0017,-0.0121,0.0540
1624806565644,-0.0085,-9.6485,1.5437,-0.0041,-0.0134,0.0516
1624806565653,-0.0277,-9.6773,1.5509,-0.0078,-0.0073,0.0565
1624806565662,-0.0564,-9.6509,1.5748,0.0081,-0.0011,0.0528
1624806565673,-0.0875,-9.6031,1.5724,0.0289,-0.0024,0.0528
1624806565682,-0.0732,-9.5480,1.4886,0.0386,-0.0024,0.0577
1624806565691,-0.0803,-9.6055,1.3858,0.0435,-0.0073,0.0614
1624806565699,-0.1138,-9.5983,1.4145,0.0399,-0.0134,0.0650
1624806565709,-0.1066,-9.5839,1.4623,0.0301,-0.0219,0.0711
1624806565719,-0.0971,-9.4858,1.5030,0.0252,-0.0268,0.0736
1624806565728,-0.0516,-9.4882,1.5078,0.0118,-0.0280,0.0760
1624806565739,-0.0755,-9.5050,1.5724,0.0093,-0.0219,0.0748
1624806565750,-0.1497,-9.4619,1.5533,0.0301,-0.0170,0.0724
1624806565759,-0.2048,-9.4428,1.4791,0.0557,-0.0207,0.0638
1624806565769,-0.1617,-9.4452,1.4982,0.0667,-0.0231,0.0650
1624806565778,-0.1354,-9.3566,1.4432,0.0704,-0.0231,0.0663
1624806565788,-0.1593,-9.3734,1.4240,0.0557,-0.0243,0.0675
1624806565798,-0.2095,-9.4117,1.4025,0.0362,-0.0219,0.0773
1624806565807,-0.2478,-9.3997,1.4312,0.0301,-0.0231,0.0773
1624806565817,-0.2430,-9.3614,1.5772,0.0325,-0.0182,0.0687
1624806565826,-0.2502,-9.2872,1.5963,0.0350,-0.0073,0.0601
1624806565835,-0.2670,-9.2992,1.5485,0.0313,0.0050,0.0516
1624806565843,-0.2981,-9.3088,1.4695,0.0252,0.0123,0.0443
1624806565855,-0.3005,-9.2585,1.4025,0.0301,0.0123,0.0394
1624806565863,-0.2239,-9.1317,1.3570,0.0325,0.0074,0.0296
1624806565874,-0.1042,-9.1676,1.3977,0.0374,0.0037,0.0210
1624806565884,-0.0157,-9.1580,1.4360,0.0399,0.0050,0.0137
1624806565894,0.0082,-9.0719,1.4576,0.0557,0.0062,-0.0022
1624806565903,-0.1330,-8.9690,1.5102,0.0631,0.0123,-0.0241
1624806565913,-0.3483,-8.8206,1.3905,0.0521,0.0196,-0.0425
1624806565922,-0.3531,-8.6172,1.2661,0.0215,0.0184,-0.0657
1624806565931,-0.1712,-8.6244,1.2829,-0.0115,0.0123,-0.0950
1624806565941,-0.1090,-8.7704,1.3690,-0.0566,0.0062,-0.1243
1624806565951,-0.0708,-9.0432,1.3403,-0.0994,0.0086,-0.1500
1624806565959,-0.0301,-9.4069,1.2948,-0.1385,0.0062,-0.1487
1624806565969,-0.0085,-9.5911,1.2948,-0.1361,-0.0024,-0.1463
1624806565980,-0.0085,-9.3997,1.2781,-0.1080,-0.0207,-0.1561
1624806565990,0.0920,-9.1389,1.4169,-0.0579,-0.0146,-0.1695
1624806565999,0.1374,-10.1606,1.6346,0.0594,0.0099,-0.1988
1624806566007,0.0896,-10.3401,2.0701,0.1730,0.0233,-0.1781
1624806566017,0.2595,-9.4906,1.9481,0.2940,0.0099,-0.1854
1624806566026,0.1901,-9.4739,1.5245,0.3416,0.0318,-0.2001
1624806566036,0.1829,-9.7347,1.4049,0.2280,0.0563,-0.1720
1624806566046,0.1111,-9.5863,1.4073,0.1083,0.0563,-0.1329
1624806566057,0.0250,-9.4763,1.2613,0.0789,0.0331,-0.1487
1624806566067,0.0967,-9.6007,1.2015,0.0741,0.0135,-0.1475
1624806566076,0.1685,-9.7323,1.1513,0.0643,-0.0011,-0.1353
1624806566086,0.1422,-10.0075,1.1967,0.0936,-0.0134,-0.1304
1624806566095,0.1398,-10.0697,1.3546,0.1303,-0.0292,-0.1121
1624806566105,0.2236,-9.8208,1.7088,0.1742,-0.0402,-0.0889
1624806566115,0.3791,-9.5720,2.0510,0.1816,-0.0366,-0.0803
1624806566124,0.4413,-9.5337,2.1921,0.1327,-0.0060,-0.0620
1624806566134,0.3145,-9.8089,2.0797,0.0802,0.0306,-0.0437
1624806566144,0.1159,-9.8304,1.8452,0.0679,0.0526,-0.0364
1624806566151,-0.0205,-9.6127,1.6227,0.0569,0.0514,-0.0376
1624806566209,0.0585,-9.4810,1.5628,0.0337,0.0477,-0.0388
1624806566210,0.1015,-9.5217,1.4288,0.0020,0.0367,-0.0351
1624806566211,0.1302,-9.5504,1.4432,-0.0090,0.0208,-0.0315
1624806566212,0.1302,-9.4571,1.4839,-0.0005,0.0050,-0.0400
1624806566212,0.1733,-9.4715,1.6131,0.0130,-0.0036,-0.0425
1624806566213,0.2212,-9.4930,1.7112,0.0276,-0.0085,-0.0412
1624806566219,0.2379,-9.4380,1.7686,0.0350,-0.0024,-0.0412
1624806566230,0.2595,-9.4523,1.7686,0.0118,0.0037,-0.0388
1624806566239,0.2236,-9.4739,1.7351,-0.0127,0.0172,-0.0315
1624806566249,0.1494,-9.4643,1.5796,-0.0420,0.0233,-0.0241
1624806566259,0.1279,-9.4715,1.4958,-0.0786,0.0233,-0.0241
1624806566268,0.1350,-9.5289,1.5174,-0.1055,0.0221,-0.0241
1624806566278,0.1542,-9.5911,1.4934,-0.1226,0.0159,-0.0205
1624806566287,0.1901,-9.5911,1.5126,-0.1458,0.0099,-0.0119
1624806566297,0.2379,-9.6677,1.5820,-0.1593,0.0099,-0.0083
1624806566304,0.2188,-9.6629,1.5676,-0.1629,0.0062,-0.0009
1624806566314,0.2331,-9.5098,1.5604,-0.1532,0.0062,-0.0009
1624806566324,0.2571,-9.6007,1.5772,-0.1373,0.0123,-0.0144
1624806566333,0.2810,-9.7347,1.5844,-0.1226,0.0233,-0.0058
1624806566343,0.2331,-9.7299,1.5891,-0.0774,0.0233,0.0003
1624806566355,0.2212,-9.5289,1.5915,-0.0298,0.0184,0.0003
1624806566364,0.2953,-9.4021,1.5796,0.0056,0.0159,0.0040
1624806566374,0.3193,-9.3925,1.5269,0.0142,0.0196,0.0015
1624806566383,0.2307,-9.6031,1.5533,0.0105,0.0257,0.0003
1624806566393,0.1829,-9.6844,1.5437,0.0313,0.0245,0.0015
1624806566402,0.2068,-9.6055,1.5700,0.0643,0.0221,0.0015
1624806566411,0.2666,-9.4547,1.6179,0.0679,0.0221,-0.0009
1624806566422,0.2092,-9.3064,1.5054,0.0557,0.0257,0.0015
1624806566432,0.1637,-9.2513,1.2996,0.0105,0.0245,0.0003
1624806566441,0.1590,-9.3877,1.2924,-0.0334,0.0233,-0.0046
1624806566451,0.1518,-9.5409,1.4049,-0.0469,0.0221,-0.0107
1624806566461,0.1566,-9.5624,1.4934,-0.0334,0.0221,-0.0095
1624806566470,0.1590,-9.4763,1.5317,0.0008,0.0184,-0.0144
1624806566480,0.1757,-9.4452,1.5796,0.0264,0.0208,-0.0193
1624806566489,0.1996,-9.3973,1.6298,0.0289,0.0306,-0.0205
1624806566499,0.1637,-9.4571,1.5413,0.0142,0.0404,-0.0217
1624806566508,0.1613,-9.4547,1.5317,-0.0127,0.0453,-0.0180
1624806566518,0.1326,-9.4476,1.4408,-0.0249,0.0453,-0.0156
1624806566528,0.0776,-9.5170,1.4264,-0.0298,0.0441,-0.0107
1624806566537,0.0752,-9.5720,1.4791,-0.0249,0.0453,-0.0083
1624806566547,0.0752,-9.5457,1.5389,-0.0102,0.0428,-0.0058
1624806566557,0.1207,-9.4834,1.5389,-0.0029,0.0441,-0.0009
1624806566566,0.1255,-9.4188,1.5604,-0.0017,0.0502,0.0027
1624806566576,0.0991,-9.3997,1.5724,-0.0090,0.0587,-0.0009
1624806566585,0.0106,-9.4164,1.6179,-0.0322,0.0648,0.0015
1624806566595,-0.0325,-9.3925,1.5844,-0.0432,0.0660,0.0027
1624806566603,-0.0301,-9.5122,1.5820,-0.0420,0.0648,0.0015
1624806566612,-0.0253,-9.6103,1.6394,-0.0285,0.0648,0.0040
1624806566623,0.0058,-9.5959,1.6227,-0.0029,0.0660,0.0052
1624806566631,0.0393,-9.5720,1.6370,0.0154,0.0697,0.0040
1624806566642,0.0417,-9.4882,1.5796,0.0252,0.0709,0.0101
1624806566653,0.0417,-9.4691,1.5485,0.0240,0.0709,0.0052
1624806566662,0.0226,-9.5050,1.5891,0.0105,0.0770,0.0040
1624806566672,0.0130,-9.5528,1.6346,0.0044,0.0758,0.0101
1624806566681,0.0178,-9.4715,1.6657,0.0081,0.0783,0.0052
1624806566691,0.0321,-9.4212,1.6514,0.0056,0.0807,0.0076
1624806566701,0.0441,-9.4212,1.6466,0.0105,0.0807,0.0101
1624806566710,-0.0038,-9.4667,1.6657,0.0179,0.0807,0.0052
1624806566720,0.0130,-9.5504,1.6394,0.0142,0.0770,0.0015
1624806566729,0.0034,-9.6007,1.6418,0.0118,0.0783,0.0027
1624806566739,0.0154,-9.6055,1.6585,0.0301,0.0746,0.0076
1624806566749,0.0513,-9.5720,1.6274,0.0423,0.0709,0.0040
1624806566758,0.0537,-9.6127,1.5820,0.0399,0.0709,0.0052
1624806566768,0.0632,-9.6629,1.5915,0.0399,0.0685,0.0064
1624806566778,0.0345,-9.5863,1.6370,0.0484,0.0612,0.0125
1624806566787,0.0393,-9.4093,1.7255,0.0435,0.0551,0.0150
1624806566797,0.0561,-9.3040,1.7207,0.0289,0.0526,0.0174
1624806566806,0.0297,-9.4810,1.5509,0.0252,0.0526,0.0101
1624806566816,-0.0684,-9.7634,1.4767,0.0350,0.0502,0.0064
1624806566826,-0.0755,-9.7395,1.5796,0.0765,0.0404,0.0101
1624806566835,-0.0253,-9.5504,1.7351,0.1241,0.0269,0.0015
1624806566844,0.0274,-9.3853,1.7782,0.1327,0.0257,0.0003
1624806566854,0.0202,-9.3351,1.6825,0.1058,0.0306,0.0064
1624806566864,-0.0277,-9.3566,1.5365,0.0557,0.0343,0.0040
1624806566874,-0.0660,-9.5217,1.4958,0.0130,0.0343,0.0089
1624806566883,-0.0923,-9.6462,1.5939,-0.0017,0.0318,0.0150
1624806566893,-0.0851,-9.6725,1.7519,0.0289,0.0269,0.0186
1624806566903,-0.0396,-9.6366,1.7734,0.0814,0.0221,0.0186
1624806566910,0.0106,-9.4739,1.6753,0.1180,0.0233,0.0198
1624806566919,-0.0085,-9.4547,1.5628,0.1156,0.0257,0.0235
1624806566929,-0.0372,-9.5863,1.5006,0.0985,0.0269,0.0308
1624806566939,-0.0564,-9.5241,1.5509,0.0741,0.0221,0.0443
1624806566948,-0.0444,-9.3782,1.5509,0.0643,0.0135,0.0479
1624806566960,-0.0827,-9.2944,1.5293,0.0508,0.0099,0.0406
1624806566970,-0.1162,-9.4284,1.4288,0.0362,0.0086,0.0382
1624806566979,-0.1665,-9.5792,1.4193,0.0399,0.0013,0.0357
1624806566989,-0.1497,-9.5026,1.5030,0.0692,-0.0121,0.0308
1624806566998,-0.0588,-9.4069,1.5365,0.1009,-0.0243,0.0210
1624806567008,0.0178,-9.4476,1.6011,0.0851,-0.0256,0.0284
1624806567018,0.0202,-9.5074,1.6753,0.0582,-0.0146,0.0345
1624806567027,0.0034,-9.4571,1.7423,0.0533,-0.0048,0.0394
1624806567037,-0.0708,-9.3447,1.6825,0.0533,0.0001,0.0406
1624806567047,-0.1042,-9.3853,1.6418,0.0411,0.0050,0.0443
1624806567056,-0.0995,-9.4547,1.5796,0.0240,0.0086,0.0443
1624806567066,-0.1258,-9.5026,1.6681,0.0276,0.0062,0.0491
1624806567076,-0.1234,-9.3901,1.6657,0.0484,-0.0048,0.0516
1624806567085,-0.0660,-9.3399,1.6059,0.0679,-0.0121,0.0504
1624806567095,0.0034,-9.4188,1.6370,0.0557,-0.0085,0.0601
1624806567104,-0.0301,-9.3877,1.6849,0.0447,-0.0024,0.0675
1624806567114,-0.0947,-9.2920,1.7136,0.0435,0.0001,0.0675
1624806567124,-0.0851,-9.2992,1.8021,0.0521,0.0086,0.0626
1624806567133,-0.0277,-9.2633,1.8452,0.0460,0.0233,0.0614
1624806567143,-0.0181,-9.2083,1.8069,0.0435,0.0355,0.0589
1624806567152,0.0082,-9.2346,1.6873,0.0252,0.0477,0.0540
1624806567161,0.0920,-9.3136,1.6011,0.0056,0.0490,0.0528
1624806567170,0.2068,-9.3399,1.6657,0.0118,0.0453,0.0516
1624806567181,0.1566,-9.2633,1.7327,0.0337,0.0490,0.0406
1624806567191,-0.1354,-9.1556,1.7088,0.0569,0.0551,0.0320
1624806567200,-0.1665,-8.8876,1.5556,0.0545,0.0514,0.0284
1624806567208,0.0585,-8.8924,1.4001,0.0435,0.0441,0.0015
1624806567217,0.1422,-9.0264,1.4336,-0.0054,0.0526,-0.0193
1624806567227,-0.0205,-9.3710,1.4958,-0.0347,0.0538,-0.0217
1624806567237,-0.1330,-9.4571,1.4839,-0.0347,0.0441,-0.0302
1624806567247,-0.0684,-9.1413,1.4671,-0.0200,0.0282,-0.0425
1624806567258,0.0680,-8.9474,1.4671,-0.0175,0.0196,-0.0669
1624806567268,-0.0109,-8.9738,1.4432,-0.0506,0.0221,-0.0901
1624806567277,-0.1354,-9.0001,1.3690,-0.0970,0.0208,-0.1011
1624806567287,-0.1330,-8.9977,1.3690,-0.1141,0.0062,-0.1219
1624806567296,-0.0181,-8.7871,1.5198,-0.1251,-0.0146,-0.1549
1624806567305,0.0920,-8.5096,1.5628,-0.1654,-0.0280,-0.1854
1624806567316,0.1422,-8.7058,1.7997,-0.2265,-0.0219,-0.2208
1624806567325,0.3241,-8.9498,1.8236,-0.2766,-0.0146,-0.2355
1624806567334,0.5681,-9.5792,1.7471,-0.2668,-0.0011,-0.2648
1624806567345,0.5681,-10.4310,1.7088,-0.1703,0.0074,-0.2734
1624806567354,0.4294,-10.4358,1.6466,0.0044,-0.0182,-0.2428
1624806567364,0.5825,-9.4643,1.4288,0.2060,-0.0585,-0.2453
1624806567373,0.7045,-10.6870,1.6011,0.3880,-0.0512,-0.2648
1624806567382,0.4676,-10.5315,1.5772,0.4491,-0.0256,-0.2025
1624806567393,0.3145,-9.8591,1.9265,0.5334,-0.0427,-0.1793
1624806567402,0.2786,-9.4045,1.8835,0.5982,-0.0463,-0.1940
1624806567412,0.3217,-9.1461,1.9911,0.5957,-0.0317,-0.1915
1624806567421,0.4317,-9.2466,2.2735,0.5078,-0.0195,-0.2025
1624806567431,0.4102,-9.2226,2.4051,0.4088,0.0013,-0.1964
1624806567439,0.4174,-8.8876,2.1084,0.2879,0.0147,-0.2001
1624806567448,0.4341,-8.9427,1.8093,0.1046,0.0233,-0.2050
1624806567459,0.4389,-9.6916,1.7567,-0.0615,0.0490,-0.1927
1624806567470,0.3624,-10.4406,1.7830,-0.1092,0.0538,-0.1671
1624806567479,0.3336,-10.4143,1.7662,-0.0237,0.0282,-0.1451
1624806567489,0.4030,-10.0003,1.8524,0.1180,0.0001,-0.1317
1624806567498,0.4963,-9.5457,1.9911,0.1840,-0.0048,-0.1194
1624806567506,0.5298,-9.5074,2.0916,0.1620,0.0147,-0.1084
1624806567515,0.3982,-9.5146,2.1467,0.0948,0.0367,-0.0926
1624806567525,0.3719,-9.4452,2.2041,0.0325,0.0477,-0.0828
1624806567535,0.3671,-9.4332,2.1108,-0.0102,0.0612,-0.0706
1624806567544,0.3958,-9.5480,2.0438,-0.0457,0.0722,-0.0669
1624806567556,0.3528,-9.6964,2.0701,-0.0676,0.0831,-0.0681
1624806567566,0.3241,-9.7323,2.0964,-0.0603,0.0831,-0.0571
1624806567575,0.3145,-9.5720,2.1586,-0.0579,0.0831,-0.0486
1624806567585,0.3480,-9.4906,2.2089,-0.0640,0.0893,-0.0449
1624806567594,0.4533,-9.4500,2.3190,-0.0786,0.0990,-0.0412
1624806567604,0.5298,-9.3662,2.3357,-0.1019,0.1113,-0.0388
1624806567614,0.4461,-9.3423,2.1443,-0.1214,0.1149,-0.0351
1624806567623,0.5394,-9.3423,1.9983,-0.1116,0.1051,-0.0290
1624806567633,0.6232,-9.4954,1.8476,-0.0799,0.0893,-0.0351
1624806567642,0.5418,-9.7012,1.7351,-0.0359,0.0697,-0.0339
1624806567652,0.5203,-9.7849,1.8906,0.0191,0.0477,-0.0254
1624806567662,0.5633,-9.5648,2.1897,0.0997,0.0343,-0.0351
1624806567671,0.6782,-9.2107,2.5271,0.1461,0.0306,-0.0571
1624806567680,0.7141,-9.1221,2.6013,0.1535,0.0453,-0.0645
1624806567690,0.7332,-9.1365,2.5965,0.1229,0.0673,-0.0755
1624806567700,0.7548,-9.0958,2.4410,0.0826,0.0795,-0.0913
1624806567710,0.7261,-9.2370,2.3381,0.0484,0.0868,-0.0938
1624806567719,0.6303,-9.3638,2.3525,0.0521,0.0905,-0.0926
1624806567728,0.5203,-9.3614,2.0222,0.0948,0.0709,-0.0950
1624806567738,0.5107,-9.3638,1.8595,0.1657,0.0453,-0.1011
1624806567748,0.5801,-9.2633,1.8165,0.2085,0.0257,-0.1109
1624806567758,0.6160,-9.2920,1.9265,0.2390,0.0135,-0.1280
1624806567767,0.6495,-9.4069,2.1491,0.2549,0.0086,-0.1378
1624806567777,0.5657,-9.5337,2.3285,0.2805,0.0074,-0.1329
1624806567787,0.5131,-9.5002,2.3429,0.3172,0.0062,-0.1378
1624806567796,0.5107,-9.4619,2.1610,0.3514,0.0013,-0.1487
1624806567804,0.4820,-9.1580,1.7614,0.3575,-0.0085,-0.1585
1624806567813,0.5897,-8.8709,1.4647,0.3208,-0.0329,-0.1683
1624806567823,0.6973,-9.0527,1.5389,0.2915,-0.0475,-0.1756
1624806567832,0.6734,-9.3758,1.6944,0.2573,-0.0585,-0.1695
1624806567842,0.6567,-9.8041,2.0821,0.2646,-0.0634,-0.1439
1624806567852,0.5203,-9.8902,2.2711,0.3135,-0.0659,-0.1255
1624806567863,0.4628,-9.9357,2.1060,0.4137,-0.0842,-0.1243
1624806567873,0.5442,-9.7275,1.9696,0.4772,-0.0867,-0.1317
1624806567882,0.6016,-9.4954,1.8404,0.4833,-0.0842,-0.1231
1624806567891,0.6926,-9.3638,1.9265,0.4613,-0.0842,-0.0987
1624806567902,0.7093,-9.4763,2.1658,0.4601,-0.0695,-0.0608
1624806567911,0.5562,-9.6079,2.4386,0.5090,-0.0585,-0.0339
1624806567921,0.4006,-9.6103,2.4410,0.5786,-0.0634,-0.0290
1624806567930,0.3169,-9.5193,2.2352,0.6348,-0.0854,-0.0205
1624806567940,0.3193,-9.4643,2.0007,0.6507,-0.1147,-0.0009
1624806567949,0.3408,-9.5600,2.0031,0.6532,-0.1319,0.0345
1624806567959,0.3624,-9.7132,2.3285,0.6556,-0.1209,0.0736
1624806567969,0.2212,-9.8591,2.4649,0.7362,-0.1147,0.0992
1624806567978,0.0585,-9.6222,2.8023,0.8560,-0.1135,0.1078
1624806567987,0.0728,-9.1628,2.7473,0.9513,-0.1587,0.0919
1624806567998,0.1326,-9.1078,2.6946,1.0014,-0.1905,0.0870
1624806568007,0.1015,-9.3159,2.9315,1.0172,-0.1868,0.1066
1624806568017,0.1087,-9.4930,3.1301,1.0441,-0.1758,0.1322
1624806568026,0.0848,-9.5433,3.2976,1.0966,-0.1673,0.1493
1624806568036,-0.0085,-9.4117,3.4436,1.1553,-0.1697,0.1677
1624806568045,-0.0923,-9.2872,3.5656,1.2200,-0.1942,0.1884
1624806568054,-0.0827,-9.1580,3.6661,1.2543,-0.2406,0.2055
1624806568064,-0.0396,-9.0049,3.7235,1.2701,-0.2797,0.2385
1624806568075,0.0704,-8.8709,3.7977,1.2713,-0.3078,0.2752
1624806568084,0.1949,-8.7560,3.9317,1.2213,-0.3176,0.3008
1624806568094,0.2642,-8.5957,4.1136,1.1309,-0.3029,0.3277
1624806568102,0.2188,-8.4713,4.3122,1.0637,-0.2931,0.3533
1624806568111,0.1853,-8.3564,4.4246,1.0392,-0.2992,0.3607
1624806568121,0.2092,-8.2822,4.5706,1.0062,-0.3066,0.3607
1624806568130,0.2642,-8.3181,4.6639,0.9574,-0.3029,0.3717
1624806568140,0.3169,-8.3756,4.8195,0.8926,-0.2858,0.3851
1624806568152,0.3217,-8.3421,4.9630,0.8486,-0.2565,0.3949
1624806568161,0.2666,-8.2607,5.0300,0.8511,-0.2320,0.3986
1624806568171,0.1805,-8.1459,5.1281,0.8560,-0.2161,0.3949
1624806568180,0.1255,-8.0358,5.1616,0.8523,-0.2161,0.3961
1624806568190,0.1015,-7.9568,5.0898,0.8315,-0.2235,0.4010
1624806568200,0.1087,-7.9329,5.1090,0.7961,-0.2235,0.4096
1624806568209,0.1159,-7.9377,5.1688,0.7619,-0.2174,0.4120
1624806568219,0.0824,-7.9329,5.1329,0.7423,-0.2174,0.4132
1624806568228,0.0058,-7.9449,5.0300,0.7436,-0.2345,0.4169
1624806568238,-0.0995,-7.9975,5.0755,0.7814,-0.2638,0.4230
1624806568247,-0.1114,-8.0071,5.0564,0.8474,-0.2968,0.4279
1624806568258,-0.1114,-7.8707,5.0516,0.9305,-0.3334,0.4230
1624806568267,-0.0396,-7.9449,5.2789,1.0233,-0.3725,0.4193
1624806568277,0.0728,-8.0669,5.5708,1.1028,-0.4092,0.4254
1624806568286,0.1781,-8.1147,5.8388,1.1309,-0.4336,0.4401
1624806568296,0.2068,-8.0430,6.1523,1.1272,-0.4397,0.4645
1624806568305,0.2355,-7.7941,6.3317,1.1064,-0.4336,0.4877
1624806568315,0.2092,-7.6840,6.4274,1.1089,-0.4226,0.5110
1624806568325,0.0943,-7.8348,6.5901,1.1394,-0.4080,0.5366
1624806568334,-0.1162,-8.1219,6.4801,1.2347,-0.4019,0.5745
1624806568344,-0.3029,-8.3732,6.4011,1.3838,-0.4116,0.6258
1624806568354,-0.2933,-8.2894,6.3461,1.5914,-0.4373,0.6502
1624806568363,-0.2335,-7.9042,6.3915,1.8211,-0.4544,0.6466
1624806568373,-0.1617,-7.2031,6.5901,2.0044,-0.4666,0.6380
1624806568382,-0.1019,-6.6886,6.8127,2.1046,-0.4727,0.6417
1624806568392,-0.0253,-6.4015,6.9682,2.0838,-0.4690,0.6539
1624806568399,0.0297,-6.2723,7.1716,1.9665,-0.4373,0.6673
1624806568410,-0.0660,-6.2866,7.3487,1.8211,-0.4092,0.6783
1624806568419,-0.1066,-6.3680,7.2745,1.6953,-0.4055,0.7028
1624806568429,-0.0181,-6.1670,7.3271,1.5633,-0.3921,0.7040
1624806568438,-0.0014,-5.8129,7.4109,1.4485,-0.3689,0.6832
1624806568449,-0.0516,-5.5353,7.4420,1.3337,-0.3432,0.6685
1624806568459,-0.1497,-5.3463,7.4994,1.1956,-0.3224,0.6685
1624806568468,-0.2454,-5.3558,7.4707,1.0685,-0.3078,0.6661
1624806568478,-0.2478,-5.4922,7.4970,0.9513,-0.2980,0.6563
1624806568488,-0.3244,-5.7626,7.5329,0.8865,-0.2968,0.6490
1624806568498,-0.3746,-6.0402,7.3224,0.8926,-0.3200,0.6551
1624806568507,-0.3340,-6.3082,7.4970,0.9574,-0.3298,0.6685
1624806568517,-0.2741,-6.3154,7.6478,1.0832,-0.3432,0.6820
1624806568526,-0.1880,-5.9923,7.9301,1.1993,-0.3554,0.6869
1624806568536,-0.1210,-5.4133,8.2029,1.2787,-0.3615,0.6832
1624806568545,-0.1425,-4.8916,8.5451,1.2689,-0.3530,0.6832
1624806568555,-0.1138,-4.6667,8.4111,1.1663,-0.3396,0.6759
1624806568565,-0.0516,-4.7074,8.6384,1.0099,-0.2870,0.6698
1624806568574,-0.0684,-4.8964,8.6887,0.8731,-0.2357,0.6722
1624806568584,-0.1665,-4.9921,8.6504,0.8095,-0.2003,0.6808
1624806568594,-0.2359,-4.9227,8.5929,0.8108,-0.1856,0.6734
1624806568603,-0.3124,-4.6978,8.5499,0.8511,-0.1819,0.6576
1624806568613,-0.3076,-4.5447,8.5594,0.8975,-0.1844,0.6515
1624806568622,-0.3076,-4.5159,8.5379,0.9048,-0.1868,0.6539
1624806568632,-0.3172,-4.5112,8.4661,0.8840,-0.1880,0.6600
1624806568640,-0.3603,-4.4418,8.5690,0.8816,-0.1819,0.6625
1624806568651,-0.4560,-4.2862,8.6360,0.9048,-0.1819,0.6600
1624806568660,-0.4943,-4.0422,8.7461,0.9427,-0.1966,0.6527
1624806568669,-0.4393,-3.9082,8.6863,0.9916,-0.2052,0.6380
1624806568680,-0.4393,-3.8986,8.8059,1.0466,-0.2015,0.6295
1624806568689,-0.4225,-3.9010,8.9279,1.0746,-0.2101,0.6221
1624806568697,-0.4153,-3.7622,8.9471,1.0637,-0.2223,0.6111
1624806568707,-0.4369,-3.6378,8.9854,1.0136,-0.2223,0.6172
1624806568717,-0.4608,-3.6617,9.0619,0.9537,-0.2161,0.6234
1624806568726,-0.4943,-3.6928,9.1002,0.8914,-0.2076,0.6136
1624806568735,-0.5421,-3.5325,9.1983,0.8327,-0.2003,0.6062
1624806568747,-0.5661,-3.4990,9.2151,0.8034,-0.1991,0.6111
1624806568757,-0.6474,-3.5756,9.2462,0.7900,-0.2052,0.6062
1624806568766,-0.6714,-3.6306,9.2916,0.7814,-0.2161,0.6014
1624806568776,-0.6378,-3.5516,9.3251,0.7863,-0.2247,0.6136
1624806568785,-0.6378,-3.5373,9.2677,0.8291,-0.2247,0.6307
1624806568795,-0.6498,-3.4631,9.3323,0.8804,-0.2284,0.6368
1624806568805,-0.6307,-3.3746,9.3706,0.9329,-0.2381,0.6453
1624806568814,-0.5972,-3.1784,9.3802,0.9830,-0.2394,0.6588
1624806568824,-0.5876,-2.9845,9.4520,1.0172,-0.2406,0.6747
1624806568834,-0.5828,-2.8218,9.4400,1.0368,-0.2467,0.6869
1624806568843,-0.5541,-2.7477,9.4998,1.0160,-0.2455,0.6954
1624806568852,-0.6068,-2.7189,9.4304,0.9745,-0.2418,0.6967
1624806568863,-0.5780,-2.7189,9.4950,0.9341,-0.2406,0.6979
1624806568872,-0.5039,-2.7165,9.5118,0.9134,-0.2381,0.7016
1624806568882,-0.4656,-2.5730,9.5333,0.9109,-0.2308,0.7016
1624806568891,-0.4129,-2.1470,9.4232,0.9122,-0.2247,0.6918
1624806568901,-0.3842,-1.7211,9.3802,0.9244,-0.2259,0.6661
1624806568911,-0.3100,-1.6111,9.4280,0.9207,-0.2198,0.6356
1624806568920,-0.2430,-1.7881,9.3802,0.8804,-0.1966,0.6209
1624806568930,-0.2383,-2.0035,9.4448,0.8169,-0.1770,0.6209
1624806568939,-0.2095,-2.0920,9.4209,0.7961,-0.1783,0.6331
1624806568948,-0.1760,-1.8479,9.4496,0.7985,-0.1905,0.6392
1624806568958,-0.1689,-1.5130,9.5333,0.7973,-0.2027,0.6270
1624806568968,-0.1210,-1.3048,9.5668,0.7668,-0.1978,0.6001
1624806568978,-0.1354,-1.1684,9.6960,0.6898,-0.1758,0.5733
1624806568987,-0.1306,-1.2306,9.7271,0.6080,-0.1538,0.5537
1624806568995,-0.1282,-1.3096,9.6506,0.5505,-0.1355,0.5427
1624806569004,-0.1354,-1.2832,9.6482,0.5359,-0.1221,0.5268
1624806569014,-0.1306,-1.2569,9.5285,0.5566,-0.1245,0.5098
1624806569024,-0.1090,-1.1349,9.5070,0.5713,-0.1257,0.4914
1624806569034,-0.1042,-0.9865,9.4304,0.5664,-0.1294,0.4731
1624806569045,-0.1042,-0.9291,9.4400,0.5432,-0.1331,0.4560
1624806569055,-0.0995,-0.9100,9.4185,0.5029,-0.1343,0.4303
1624806569064,-0.1473,-0.9482,9.4783,0.4724,-0.1367,0.4108
1624806569074,-0.1282,-1.0535,9.5860,0.4650,-0.1429,0.4034
1624806569083,-0.1354,-1.0416,9.5644,0.4858,-0.1526,0.4010
1624806569093,-0.1186,-0.9889,9.5907,0.5273,-0.1612,0.3876
1624806569103,-0.1019,-0.9435,9.5740,0.5566,-0.1710,0.3766
1624806569112,-0.0851,-0.8286,9.6075,0.5676,-0.1807,0.3741
1624806569122,-0.0612,-0.6659,9.5501,0.5664,-0.1893,0.3680
1624806569130,-0.0109,-0.4912,9.4711,0.5615,-0.1954,0.3509
1624806569141,0.0920,-0.3141,9.3922,0.5505,-0.2064,0.3277
1624806569150,0.1135,-0.4051,9.2605,0.5420,-0.2113,0.3143
1624806569159,0.1326,-0.6468,9.2940,0.5114,-0.2247,0.3130
1624806569170,0.1637,-0.6587,9.3706,0.4870,-0.2418,0.3253
1624806569179,0.1446,-0.5295,9.5931,0.4858,-0.2614,0.3436
1624806569189,0.1279,-0.4769,9.8109,0.5004,-0.2748,0.3424
1624806569199,0.1925,-0.5152,9.9951,0.4980,-0.2711,0.3314
1624806569208,0.2523,-0.5534,10.0573,0.4772,-0.2553,0.3362
1624806569218,0.2595,-0.4697,10.0071,0.4552,-0.2333,0.3448
1624806569228,0.2020,-0.3859,9.8970,0.4540,-0.2149,0.3338
1624806569237,0.1350,-0.2113,9.7798,0.4540,-0.2064,0.3143
1624806569247,0.1374,-0.0150,9.7343,0.4369,-0.2064,0.3082
1624806569257,0.1661,0.2458,9.6841,0.4039,-0.2039,0.3008
1624806569265,0.1877,0.5090,9.6386,0.3587,-0.1954,0.2776
1624806569276,0.2283,0.6454,9.6649,0.2781,-0.1893,0.2434
1624806569285,0.2714,0.5927,9.6625,0.1804,-0.1734,0.2141
1624806569293,0.3121,0.3654,9.6984,0.0753,-0.1538,0.1970
1624806569302,0.3001,0.1190,9.6745,0.0081,-0.1392,0.1896
1624806569313,0.2690,-0.0438,9.6889,-0.0017,-0.1367,0.1762
1624806569322,0.2571,-0.0820,9.7487,0.0289,-0.1429,0.1640
1624806569331,0.2714,0.0448,9.8061,0.0765,-0.1404,0.1579
1624806569343,0.2666,0.2434,9.8707,0.1058,-0.1319,0.1396
1624806569352,0.2906,0.3487,9.8324,0.1070,-0.1184,0.1151
1624806569362,0.3073,0.4970,9.8851,0.0728,-0.1025,0.0931
1624806569372,0.2810,0.5090,9.9521,0.0240,-0.0867,0.0773
1624806569381,0.2427,0.3511,9.9162,-0.0200,-0.0683,0.0626
1624806569391,0.2188,0.2195,9.9592,-0.0579,-0.0512,0.0467
1624806569400,0.3145,0.0137,9.8683,-0.0628,-0.0415,0.0333
1624806569410,0.3408,-0.0916,9.8755,-0.0493,-0.0305,0.0150
1624806569420,0.2810,-0.1395,9.9377,-0.0249,-0.0219,0.0125
1624806569429,0.2714,-0.2400,9.9521,0.0179,-0.0182,0.0333
1624806569439,0.3217,-0.1036,9.9042,0.0594,-0.0170,0.0308
1624806569448,0.3576,0.1213,9.8372,0.0753,-0.0097,0.0150
1624806569458,0.3049,0.2027,9.8085,0.0655,0.0025,0.0076
1624806569468,0.2475,0.2147,9.8205,0.0215,0.0123,0.0040
1624806569477,0.2116,0.1261,9.7678,-0.0273,0.0245,0.0015
1624806569487,0.1949,-0.0318,9.7319,-0.0542,0.0294,0.0015
1624806569497,0.1901,-0.0844,9.7032,-0.0518,0.0269,0.0113
1624806569506,0.1685,-0.0749,9.6625,-0.0322,0.0184,0.0210
1624806569516,0.1518,-0.0581,9.6745,-0.0115,0.0123,0.0223
1624806569526,0.1374,-0.0797,9.6195,-0.0041,0.0025,0.0259
1624806569535,0.1279,-0.1586,9.6577,0.0020,-0.0060,0.0296
1624806569545,0.1015,-0.2471,9.5955,0.0240,-0.0231,0.0382
1624806569554,0.1350,-0.1873,9.6219,0.0386,-0.0390,0.0516
1624806569563,0.1733,-0.0438,9.6649,0.0606,-0.0573,0.0711
1624806569574,0.2355,0.1692,9.7032,0.0618,-0.0671,0.0821
1624806569583,0.3097,0.3511,9.7008,0.0142,-0.0683,0.0760
1624806569592,0.4940,0.5018,9.4089,-0.0640,-0.0695,0.0675
1624806569602,0.6112,0.3965,9.7535,-0.1593,-0.0585,0.0491
1624806569616,0.1326,-0.1299,9.6984,-0.2594,-0.0305,0.0430
1624806569620,0.1494,-0.2089,9.8061,-0.2704,-0.0598,0.0785
1624806569639,0.1207,-0.3070,9.8659,-0.1629,-0.0989,0.0846
1624806569642,0.4652,-0.1490,9.8731,-0.0481,-0.1343,0.0773
