1230797586232,2.2790,-3.6402,8.7700,0.0157,0.0378,0.0638
1230797586240,2.3149,-3.7598,8.6288,-0.0087,0.0109,0.1151
1230797586241,2.4058,-3.7478,8.6910,-0.0405,0.0084,0.1578
1230797586242,2.4967,-3.5325,8.8370,-0.0258,0.0170,0.1762
1230797586247,2.5590,-3.5875,8.8777,0.0047,0.0304,0.2055
1230797586290,2.5972,-3.8125,8.9686,-0.0539,0.0695,0.2177
1230797586291,2.5901,-3.6115,8.8849,-0.0832,0.0854,0.1884
1230797586292,2.5733,-3.5923,8.8179,-0.0258,0.0952,0.1590
1230797586314,2.5685,-3.6162,8.8322,-0.0258,0.1257,0.1358
1230797586315,2.6284,-3.7550,8.7892,-0.0698,0.1587,0.1151
1230797586316,2.5590,-3.8388,8.7533,-0.1028,0.1795,0.1151
1230797586325,2.5063,-3.8220,8.7772,-0.0930,0.1721,0.1297
1230797586326,2.5278,-3.8866,8.7126,-0.0906,0.1526,0.1505
1230797586339,2.5302,-3.9273,8.6815,-0.0918,0.1306,0.1603
1230797586343,2.5901,-3.8531,8.6025,-0.0771,0.0988,0.1615
1230797586362,2.6307,-3.5421,8.4135,-0.0564,0.0597,0.1530
1230797586366,2.6355,-3.2549,8.2484,-0.0441,0.0353,0.1334
1230797586372,2.6930,-3.1090,8.1335,-0.0649,0.0304,0.1334
1230797586381,2.7025,-3.1329,8.0522,-0.1125,0.0316,0.1322
1230797586393,2.7623,-3.0444,7.9301,-0.1981,0.0267,0.0735
1230797586406,2.7121,-2.9893,7.8966,-0.2494,0.0084,-0.0083
1230797586410,2.7336,-2.9821,7.7698,-0.2616,-0.0294,-0.0401
1230797586423,3.0782,-2.7811,7.3654,-0.3154,-0.0917,-0.0889
1230797586430,2.8006,-2.4653,7.3726,-0.4363,-0.1088,-0.2404
1230797586444,3.0423,-2.4485,7.2482,-0.4962,-0.1211,-0.2746
1230797586448,3.7362,-1.6063,6.9874,-0.5768,-0.1272,-0.2844
1230797586458,5.2533,-0.3429,6.6093,-0.7161,-0.0050,-0.2270
1230797586466,4.6910,-1.1684,6.9108,-0.9604,0.2943,-0.1586
1230797586476,2.6714,-1.5512,7.2362,-1.1193,0.4140,-0.4139
1230797586486,2.4585,-1.2354,6.8940,-1.0643,0.2540,-0.7694
1230797586496,3.4778,-0.5510,6.4729,-1.0643,0.1245,-0.8989
1230797586509,4.4110,-0.1036,6.2863,-1.1046,0.1074,-1.0541
1230797586515,4.7436,-0.3022,6.3102,-1.2133,0.1563,-1.2447
1230797586526,4.8058,-0.7496,6.3485,-1.3673,0.2100,-1.3901
1230797586534,4.9039,-1.2139,6.6356,-1.5249,0.2308,-1.5000
1230797586544,5.3107,-1.7809,7.0041,-1.6580,0.2332,-1.5990
1230797586553,5.7271,-1.8862,6.9299,-1.7985,0.2393,-1.7285
1230797586563,6.0214,-1.7187,6.8773,-1.9341,0.2650,-1.8714
1230797586572,6.0357,-2.0490,6.6284,-2.0294,0.3065,-1.9777
1230797586582,6.0381,-2.7477,6.5686,-2.1369,0.3615,-2.0400
1230797586592,6.0046,-3.7311,6.6906,-2.1809,0.3908,-2.1036
1230797586601,5.8228,-4.2121,6.5519,-2.2090,0.3920,-2.1268
1230797586613,5.5787,-4.1379,6.7050,-2.3740,0.3627,-2.1317
1230797586620,5.2030,-3.9465,6.6356,-2.6818,0.3139,-2.1463
1230797586630,5.0092,-3.9512,6.4394,-3.1889,0.2503,-2.1158
1230797586640,5.2078,-4.8390,6.6021,-3.7179,0.2125,-2.0767
1230797586650,5.5859,-6.4493,6.3557,-4.1100,0.2222,-2.0620
1230797586659,5.6792,-7.8276,5.9561,-4.2786,0.2699,-2.0926
1230797586669,5.3992,-8.8326,5.9321,-4.1565,0.3432,-2.1219
1230797586678,4.8561,-10.0529,6.2671,-3.7716,0.3969,-2.0584
1230797586688,4.5689,-11.2637,6.6787,-3.3550,0.4214,-1.9313
1230797586697,4.6264,-11.6753,6.8151,-3.0716,0.4580,-1.8128
1230797586709,4.7173,-11.4121,6.7935,-2.8859,0.5521,-1.7212
1230797586718,4.7029,-11.1512,6.6236,-2.7271,0.7170,-1.6173
1230797586728,4.6120,-11.0340,6.7218,-2.6354,0.9064,-1.4927
1230797586737,4.3464,-11.0292,6.6165,-2.6171,1.1263,-1.3546
1230797586747,3.9612,-10.6129,6.3126,-2.6708,1.3071,-1.2325
1230797586757,3.6190,-9.6485,6.0613,-2.7894,1.4440,-1.1298
1230797586766,3.4730,-9.0934,5.8077,-2.9018,1.5515,-1.0419
1230797586776,3.5161,-8.9187,5.1042,-3.0496,1.6736,-0.9674
1230797586785,3.4443,-8.6172,4.6663,-3.2646,1.8325,-0.9393
1230797586795,3.1093,-8.5766,4.4103,-3.4576,1.9693,-0.9160
1230797586805,2.7217,-8.7991,4.2739,-3.6555,2.0511,-0.8586
1230797586812,2.4896,-8.6172,4.0131,-3.9146,2.0683,-0.8012
1230797586824,2.4106,-8.4737,3.5010,-4.1113,2.0573,-0.7426
1230797586833,2.4489,-8.8135,3.0224,-4.1540,2.0646,-0.6693
1230797586843,2.4489,-9.1987,2.9818,-4.1528,2.0793,-0.6155
1230797586853,2.3651,-9.6557,2.9937,-4.0661,2.0719,-0.5727
1230797586862,2.2742,-9.6318,2.9483,-3.9292,2.0597,-0.5092
1230797586872,2.1809,-9.3758,2.8980,-3.7582,2.0267,-0.4237
1230797586882,2.0876,-9.5074,2.7999,-3.4784,1.9791,-0.3455
1230797586891,1.8531,-9.7012,2.6587,-3.2060,1.9461,-0.3260
1230797586901,1.6042,-9.9309,2.8143,-3.0300,1.8948,-0.3223
1230797586911,1.4583,-9.9357,3.1923,-2.9665,1.8019,-0.3223
1230797586920,1.4415,-9.6701,3.1373,-2.9799,1.7017,-0.3528
1230797586929,1.4319,-9.3973,2.7879,-3.0496,1.6333,-0.3761
1230797586939,1.3697,-9.3518,2.8047,-3.1571,1.5918,-0.3895
1230797586949,1.1544,-9.4667,2.6396,-3.2072,1.5502,-0.4261
1230797586958,1.1544,-9.8304,2.2831,-3.0777,1.5148,-0.4726
1230797586966,1.3482,-10.5172,2.1802,-2.6953,1.4904,-0.5483
1230797586976,1.6880,-10.8569,1.6466,-2.2396,1.4525,-0.6277
1230797586986,2.0302,-11.0340,0.9120,-1.8645,1.4378,-0.6485
1230797587001,2.2646,-10.8976,0.5028,-1.7167,1.4342,-0.5984
1230797587004,2.5183,-10.6703,0.4884,-1.8608,1.4097,-0.5630
1230797587014,2.7839,-10.3760,0.5004,-2.2127,1.4085,-0.5593
1230797587024,2.8916,-10.3329,0.3999,-2.6024,1.4330,-0.5471
1230797587035,2.8198,-10.0793,0.3210,-2.9482,1.4586,-0.5459
1230797587044,2.5398,-9.5983,-0.2461,-3.1143,1.4733,-0.5495
1230797587055,2.4274,-9.8041,-0.8132,-2.9335,1.4317,-0.5495
1230797587064,2.5231,-10.4214,-1.1650,-2.4876,1.4085,-0.6473
1230797587072,2.5326,-10.9885,-2.0097,-1.9171,1.4281,-0.7181
1230797587082,2.8270,-11.6298,-3.1750,-1.4687,1.4268,-0.5569
1230797587093,3.6381,-11.9600,-3.3209,-1.2292,1.2485,-0.3345
1230797587103,4.7747,-11.5365,-3.3042,-1.0679,1.0078,-0.3150
1230797587112,5.3729,-11.1919,-3.5698,-0.7295,0.8734,-0.3626
1230797587122,5.2365,-11.2374,-3.7923,-0.2812,0.8148,-0.3724
1230797587132,4.9135,-11.2350,-4.2422,0.0866,0.7280,-0.3394
1230797587141,4.4900,-9.4428,-6.4555,0.1648,0.5790,-0.2160
1230797587150,4.6096,-6.1933,-7.7548,-0.1663,0.3896,0.0186
1230797587160,5.8419,-5.5760,-6.9102,-0.3251,0.0561,0.0222
1230797587170,7.1508,-7.4878,-6.9437,-0.3581,-0.2933,-0.1891
1230797587180,7.4403,-8.7895,-7.3098,-0.4510,-0.5389,-0.1060
1230797587189,7.0216,-9.2370,-7.2978,0.0279,-0.7930,0.0295
1230797587198,6.9354,-9.0025,-7.6998,0.7048,-1.0972,0.0943
1230797587209,7.1699,-8.3492,-7.4988,1.2936,-1.3746,0.0858
1230797587218,7.0216,-7.3251,-7.1183,1.9375,-1.5676,-0.0047
1230797587228,6.6052,-6.2507,-5.9482,2.5569,-1.7118,-0.0987
1230797587237,6.3707,-5.6334,-4.9456,3.0883,-1.8791,-0.1366
1230797587247,6.4401,-5.7818,-4.4192,3.4243,-2.0624,-0.1378
1230797587256,6.3348,-6.0593,-4.0244,3.7029,-2.1797,-0.1232
1230797587264,6.0429,-6.1646,-3.5147,3.9692,-2.2640,-0.0987
1230797587273,5.8156,-6.2077,-2.7778,4.1732,-2.3593,-0.0657
1230797587283,5.7247,-6.1981,-2.0336,4.2942,-2.4802,-0.0291
1230797587293,5.7318,-6.4254,-1.5191,4.3626,-2.6109,0.0149
1230797587302,5.8539,-6.6456,-0.9951,4.3809,-2.7380,0.0638
1230797587313,5.9376,-7.1026,-0.8946,4.4750,-2.8736,0.1077
1230797587321,6.1841,-7.5213,0.5866,4.5788,-2.9872,0.2201
1230797587331,6.4234,-6.8466,1.4886,4.5275,-3.0398,0.3179
1230797587343,6.5502,-6.9638,1.5150,4.7621,-3.0837,0.3753
1230797587353,6.4473,-7.2868,1.9696,4.9319,-3.0508,0.4474
1230797587362,6.4090,-7.0763,2.3572,4.8281,-3.0153,0.5415
1230797587371,6.3659,-6.7269,2.6300,4.6766,-2.9494,0.6319
1230797587381,6.3516,-6.6719,3.0631,4.6179,-2.8589,0.6954
1230797587390,6.3827,-6.7030,3.2282,4.4946,-2.7563,0.7614
1230797587401,6.4593,-6.5762,3.3335,4.2966,-2.6488,0.8444
1230797587410,6.6076,-6.4661,3.1349,4.1134,-2.5376,0.9397
1230797587420,6.7847,-6.5642,3.0201,4.0169,-2.4118,1.0399
1230797587429,6.9905,-6.6288,3.4077,3.9375,-2.2896,1.1584
1230797587439,7.2369,-6.5905,3.6613,3.8483,-2.1736,1.3026
1230797587448,7.4906,-6.2220,3.8863,3.7945,-2.0844,1.4321
1230797587456,7.7777,-6.1191,4.3672,3.7896,-1.9756,1.5494
1230797587468,7.9093,-6.5451,4.4677,3.8702,-1.8412,1.6752
1230797587477,7.9093,-7.1241,4.8530,3.9106,-1.6629,1.7754
1230797587487,7.7657,-7.2773,5.1138,3.8922,-1.4980,1.8230
1230797587496,7.4379,-7.0404,5.0851,3.9191,-1.3758,1.8426
1230797587505,6.9426,-6.1311,4.8027,3.9741,-1.3171,1.8646
1230797587514,6.6363,-4.9514,4.8721,3.9985,-1.3440,1.8841
1230797587524,6.7536,-4.2216,4.4916,3.9765,-1.3648,1.9135
1230797587533,7.0910,-4.1474,4.2978,3.9423,-1.3306,1.9342
1230797587543,7.6054,-4.9706,4.2260,3.9191,-1.1974,1.9550
1230797587552,7.9261,-5.4946,3.8910,3.8593,-1.0398,1.9489
1230797587562,7.9859,-5.3798,3.9317,3.8385,-0.9189,1.9220
1230797587572,7.8543,-4.7337,4.1710,3.8837,-0.9042,1.9318
1230797587582,7.7011,-3.7096,4.5084,3.8580,-0.9396,2.0063
1230797587591,7.5456,-2.6567,4.8362,3.6736,-0.9763,2.0503
1230797587601,7.4331,-2.0490,5.1305,3.3889,-0.9775,2.0295
1230797587610,7.4140,-2.0418,5.3698,3.0432,-0.9506,1.9855
1230797587619,7.4547,-2.3313,5.2693,2.7169,-0.9262,1.9293
1230797587631,7.6317,-2.3983,5.2095,2.4995,-0.9262,1.8353
1230797587641,7.8375,-1.9724,5.2956,2.3248,-0.9445,1.7400
1230797587650,7.9859,-1.2282,5.5780,2.1378,-0.9445,1.6398
1230797587660,7.9619,-0.6324,5.6689,1.8947,-0.8956,1.5494
1230797587670,7.6748,-0.1227,5.8125,1.6052,-0.8003,1.4297
1230797587679,7.3350,0.1357,6.1427,1.3230,-0.7221,1.2757
1230797587688,7.2848,0.0184,6.5327,1.0676,-0.6818,1.1254
1230797587698,7.4523,0.0065,6.9945,0.8025,-0.6476,0.9666
1230797587708,7.7251,-0.1299,7.3965,0.5692,-0.5841,0.7870
1230797587718,7.8399,-0.3046,7.2218,0.3859,-0.4937,0.6196
1230797587727,7.7897,-0.3070,7.1381,0.2662,-0.3874,0.4474
1230797587737,7.6341,-0.1132,7.2362,0.2234,-0.2762,0.2556
1230797587747,7.4427,0.1453,7.4444,0.1782,-0.1895,0.0821
1230797587756,7.3805,0.2171,7.5856,0.0475,-0.1284,-0.0682
1230797587766,7.4642,0.3846,7.6023,-0.1859,-0.0636,-0.2466
1230797587776,7.4475,0.1716,7.3104,-0.3899,0.0402,-0.4310
1230797587785,7.3949,-0.0390,7.3008,-0.6110,0.1184,-0.5923
1230797587795,7.6198,-0.2591,7.3750,-0.8871,0.1636,-0.7694
1230797587802,7.8304,-0.5558,6.7505,-1.1144,0.2442,-0.9710
1230797587813,7.8447,-0.4792,6.2863,-1.2414,0.3456,-1.1812
1230797587823,8.0242,-0.7568,6.3604,-1.2708,0.4030,-1.3742
1230797587833,8.3065,-1.1899,6.2910,-1.3331,0.4678,-1.5367
1230797587843,8.4477,-1.3191,6.1092,-1.3648,0.5790,-1.7163
1230797587852,8.3400,-1.0392,5.9704,-1.3868,0.6853,-1.8934
1230797587862,8.1917,-0.9028,6.0494,-1.4992,0.7574,-2.0376
1230797587872,8.2371,-1.0583,5.9249,-1.7680,0.8282,-2.1940
1230797587881,8.3568,-1.1756,5.1951,-2.1467,0.9272,-2.3552
1230797587889,8.5027,-1.7092,4.7381,-2.5071,1.0493,-2.4982
1230797587898,8.7588,-2.9534,4.2930,-2.7649,1.1739,-2.6155
1230797587908,8.9741,-4.0924,3.5034,-2.9274,1.2863,-2.6888
1230797587918,9.0459,-5.2051,3.4914,-2.9641,1.3768,-2.7352
1230797587927,9.1225,-6.3800,3.8264,-2.9372,1.4293,-2.7340
1230797587939,9.1895,-7.1241,3.7475,-2.9604,1.4476,-2.7022
1230797587949,9.1655,-7.2964,3.5010,-3.0337,1.4513,-2.6790
1230797587958,9.0698,-7.2151,3.0320,-3.1473,1.4403,-2.6399
1230797587968,8.8832,-7.2151,2.3979,-3.4063,1.4586,-2.5507
1230797587977,8.5984,-7.0188,1.5174,-3.8449,1.5148,-2.4273
1230797587987,8.3185,-7.0523,1.2924,-4.3422,1.5845,-2.2819
1230797587997,8.1653,-8.1411,1.4240,-4.6965,1.6688,-2.0779
1230797588004,7.9739,-9.3590,1.3020,-4.9188,1.7763,-1.8531
1230797588014,7.5552,-10.1558,1.6681,-4.9030,1.9119,-1.6955
1230797588025,6.8565,-10.1606,2.0222,-4.6378,1.9705,-1.5685
1230797588034,6.1027,-9.3159,2.4984,-4.3849,1.9302,-1.4145
1230797588044,5.3681,-8.0382,2.5822,-4.3104,1.8312,-1.2545
1230797588052,4.9374,-7.5357,2.4266,-4.3849,1.7237,-1.0932
1230797588062,4.7604,-7.3993,1.7567,-4.6232,1.6736,-0.9930
1230797588073,4.7388,-7.5405,1.9170,-5.0043,1.6859,-0.9686
1230797588082,4.6646,-7.9568,2.1515,-5.2560,1.7616,-0.9356
1230797588092,4.4254,-8.1722,2.0366,-5.3721,1.8703,-0.8525
1230797588102,4.0640,-8.4521,2.0246,-5.4368,1.9778,-0.7303
1230797588112,3.6070,-8.8446,1.8500,-5.5004,2.0340,-0.5984
1230797588121,3.3007,-8.8781,1.3020,-5.6433,2.0206,-0.4701
1230797588131,3.2840,-9.4332,0.8857,-5.7765,1.9644,-0.3064
1230797588141,3.3701,-10.6799,0.7588,-5.8510,1.9388,-0.1354
1230797588150,3.4969,-11.7782,0.6153,-5.9096,1.9485,-0.0303
1230797588160,3.4132,-12.5391,0.7660,-5.7496,1.9754,0.0638
1230797588170,3.1261,-12.6970,0.7804,-5.4075,1.9840,0.1933
1230797588179,2.8006,-12.1514,0.5028,-5.0593,1.9620,0.3387
1230797588189,2.5159,-11.5389,0.5076,-4.7026,1.9082,0.4730
1230797588199,2.2718,-11.2302,0.2468,-4.2346,1.8288,0.5305
1230797588206,2.0900,-11.2829,-0.0140,-3.6580,1.7616,0.4865
1230797588216,2.0014,-11.6490,-0.0906,-2.9470,1.6920,0.3777
1230797588225,2.0182,-11.6178,0.1893,-2.2555,1.6089,0.2886
1230797588245,2.1713,-11.5437,0.0865,-1.5945,1.5258,0.2556
1230797588246,2.6906,-11.4647,0.6248,-1.1486,1.4085,0.2751
1230797588256,3.5376,-10.2850,0.9263,-1.1694,1.2827,0.3167
1230797588269,4.1669,-8.8398,1.0484,-1.4626,1.2473,0.4474
1230797588273,4.3488,-7.3179,0.8880,-2.0050,1.2949,0.6429
1230797588283,4.2148,-5.8870,0.8426,-2.6489,1.3548,0.6880
1230797588294,3.9229,-6.2005,0.3233,-2.8956,1.3682,0.5634
1230797588303,3.8367,-7.6793,-0.4232,-2.8846,1.3560,0.4486
1230797588312,4.0975,-9.2466,-0.6027,-2.7283,1.3340,0.4547
1230797588321,4.4517,-10.2037,-0.9329,-2.3740,1.3035,0.4645
1230797588334,4.6503,-9.5911,-0.9377,-2.0160,1.2839,0.4547
1230797588341,4.6048,-8.5885,-0.9425,-1.5798,1.2326,0.4449
1230797588351,4.6288,-8.0908,-1.5407,-1.2036,1.1410,0.4620
1230797588361,4.6288,-8.1459,-2.1700,-0.9409,1.0249,0.4364
1230797588370,4.5330,-8.0382,-2.7155,-0.7601,0.9088,0.3643
1230797588380,4.3225,-8.1674,-2.9118,-0.5597,0.8013,0.3008
1230797588389,4.2961,-8.4234,-2.9716,-0.3520,0.6841,0.2543
1230797588399,4.4182,-8.5431,-2.9094,-0.2384,0.5570,0.2323
1230797588408,4.5043,-8.8828,-2.8112,-0.1492,0.4421,0.2226
1230797588417,4.5546,-9.2657,-2.8591,-0.1003,0.3456,0.2263
1230797588428,4.5067,-9.7538,-2.8974,-0.0527,0.2552,0.2323
1230797588436,4.4349,-10.0529,-2.7634,-0.0173,0.1807,0.2336
1230797588447,4.2890,-10.1654,-2.4308,0.0401,0.1257,0.2311
1230797588456,4.0999,-10.2707,-2.2322,0.1696,0.0720,0.2519
1230797588465,3.8654,-9.9237,-2.3183,0.2747,0.0267,0.2788
1230797588475,3.6644,-9.3638,-2.2920,0.3187,-0.0026,0.3020
1230797588487,3.4898,-9.2131,-1.9881,0.3480,-0.0209,0.3093
1230797588495,3.3605,-9.2202,-1.6890,0.3138,-0.0404,0.2947
1230797588505,3.2553,-9.1796,-1.2846,0.2772,-0.0551,0.2531
1230797588513,3.1428,-9.1628,-1.2798,0.3126,-0.0722,0.1933
1230797588524,3.0184,-9.1461,-1.3732,0.3822,-0.0893,0.1236
1230797588534,2.8652,-9.1365,-1.2631,0.4580,-0.0966,0.0357
1230797588542,2.6595,-9.2274,-1.0932,0.5618,-0.1040,-0.0425
1230797588554,2.4321,-9.3207,-0.9209,0.6852,-0.1198,-0.1085
1230797588562,2.1809,-9.2466,-0.8659,0.7768,-0.1320,-0.1732
1230797588571,1.7645,-8.9834,-1.2559,0.8489,-0.1223,-0.2404
1230797588581,1.1257,-8.8948,-1.3492,0.9552,-0.0832,-0.3113
1230797588593,0.5155,-8.7034,-1.6794,1.0236,-0.0551,-0.4090
1230797588601,0.0848,-8.7465,-2.1532,1.0786,-0.0661,-0.5055
1230797588611,-0.0277,-8.7632,-2.8567,1.0578,-0.1211,-0.6045
1230797588619,0.1805,-8.8661,-3.5291,0.9430,-0.2261,-0.6864
1230797588631,0.5586,-9.1173,-4.0172,0.8062,-0.3776,-0.7878
1230797588638,0.8122,-8.9451,-4.5484,0.6718,-0.4986,-0.9063
1230797588650,0.8337,-8.5790,-4.9385,0.5704,-0.5438,-0.9612
1230797588659,0.6878,-8.4067,-5.2376,0.4714,-0.5841,-0.9612
1230797588669,0.7045,-8.5287,-5.7185,0.2246,-0.6782,-0.9405
1230797588679,1.0898,-8.7345,-6.3096,-0.2286,-0.8248,-0.8818
1230797588688,1.6162,-8.7823,-6.7259,-0.7857,-1.0215,-0.8232
1230797588698,2.1929,-8.6364,-7.3600,-1.2475,-1.1962,-0.8183
1230797588707,2.5494,-9.0671,-8.4392,-1.3489,-1.2768,-0.8586
1230797588717,2.5039,-10.0960,-9.1259,-1.1046,-1.3354,-0.9283
1230797588726,2.2503,-10.7181,-9.3437,-0.7943,-1.4796,-0.9820
1230797588736,1.9942,-10.5818,-8.9129,-0.5328,-1.6959,-0.9160
1230797588746,2.1785,-9.1197,-8.1855,-0.4583,-1.9610,-0.7450
1230797588755,2.8437,-6.6647,-8.5373,-0.5450,-2.2175,-0.5972
1230797588765,3.7769,-5.2386,-8.5277,-0.6086,-2.3531,-0.5520
1230797588775,4.4206,-5.4324,-8.6593,-0.5524,-2.4069,-0.6693
1230797588784,4.6120,-6.5905,-8.8316,-0.5133,-2.3776,-0.7926
1230797588794,4.5330,-7.4328,-8.3004,-0.4033,-2.4289,-0.8403
1230797588803,4.8776,-6.9782,-7.8170,-0.1248,-2.5975,-0.9111
1230797588813,5.5572,-6.2436,-7.8003,0.4018,-2.8174,-0.9466
1230797588823,6.2559,-5.8535,-7.8386,1.0297,-2.9836,-0.9600
1230797588832,6.6507,-5.8368,-7.1829,1.6272,-3.1228,-0.9686
1230797588842,6.8038,-5.7315,-6.6589,2.1256,-3.2597,-0.9796
1230797588852,6.9139,-5.6645,-6.5800,2.5764,-3.4026,-1.0040
1230797588859,7.0024,-5.7841,-6.0368,3.0529,-3.5553,-1.0309
1230797588869,7.2393,-5.8679,-5.0103,3.4891,-3.6922,-1.0358
1230797588878,7.5504,-6.1215,-4.0340,3.8617,-3.8082,-0.9991
1230797588888,7.6509,-6.7269,-3.5937,4.2930,-3.8461,-0.9234
1230797588898,7.9452,-6.7867,-1.9474,4.6070,-3.7814,-0.8256
1230797588909,7.9739,-7.1576,-1.2176,4.9857,-3.6885,-0.7939
1230797588919,7.9165,-7.5764,-0.6912,5.4451,-3.5419,-0.7560
1230797588931,7.8232,-7.9018,0.0051,5.8067,-3.3537,-0.6766
1230797588938,7.7634,-7.9305,0.7971,5.9912,-3.1521,-0.5752
1230797588948,7.7418,-8.1913,1.4671,6.1524,-2.9274,-0.4872
1230797588957,7.6198,-8.4761,1.7806,6.2868,-2.6904,-0.4078
1230797588967,7.5432,-8.5718,1.6250,6.3149,-2.4558,-0.3162
1230797588977,7.5671,-8.8182,1.7638,6.2599,-2.2151,-0.1757
1230797588986,7.6987,-9.2657,2.6205,6.1952,-1.9500,-0.0388
1230797588994,8.0050,-9.6438,2.5654,6.1805,-1.7509,0.0711
1230797589004,8.2132,-9.9764,1.4863,6.2587,-1.5688,0.2153
1230797589014,8.3448,-10.2539,2.0055,6.2710,-1.3929,0.4119
1230797589023,8.3855,-9.7036,2.0414,6.0706,-1.2939,0.6294
1230797589032,8.4262,-8.5885,2.7066,5.7041,-1.2279,0.8652
1230797589042,8.4166,-7.4137,3.4029,5.1592,-1.1253,1.0925
1230797589053,8.3783,-6.0856,3.4771,4.3944,-0.9958,1.2708
1230797589061,8.2922,-5.3702,3.9126,3.5392,-0.7955,1.4077
1230797589072,7.9859,-5.9684,3.9628,2.8318,-0.5084,1.5372
1230797589082,7.3757,-7.4352,4.2093,2.3541,-0.2371,1.6496
1230797589092,6.5526,-9.1245,4.5826,2.1916,-0.0783,1.6972
1230797589101,5.6960,-10.1678,4.5275,2.3516,-0.1308,1.6838
1230797589111,5.0930,-9.9094,4.2117,2.7377,-0.3593,1.6618
1230797589121,4.8489,-8.4689,3.5154,3.2960,-0.6818,1.6349
1230797589130,5.0140,-6.8011,2.9698,3.8947,-0.9983,1.5775
1230797589140,5.5045,-5.5879,2.4338,4.3455,-1.2182,1.4602
1230797589150,6.3444,-5.1213,2.4147,4.4713,-1.3025,1.3710
1230797589159,7.2561,-5.1955,2.9243,4.3809,-1.2731,1.3356
1230797589167,7.6198,-5.1931,3.1947,4.2087,-1.1815,1.3454
1230797589176,7.3805,-4.2934,3.9221,3.8421,-1.0777,1.3722
1230797589186,6.9905,-2.8505,4.8027,3.3425,-1.0190,1.3637
1230797589196,6.6914,-2.1136,5.2932,2.8208,-0.9641,1.3246
1230797589205,6.6698,-2.3624,5.8197,2.3675,-0.8846,1.2329
1230797589217,6.8708,-2.6783,5.9608,2.0059,-0.8235,1.0839
1230797589226,7.0910,-2.1973,6.0900,1.7420,-0.7710,0.9226
1230797589236,7.1412,-1.1253,6.2049,1.5416,-0.7087,0.7491
1230797589246,7.0431,-0.3788,6.4657,1.3058,-0.6073,0.5671
1230797589255,6.8924,-0.2376,6.7385,0.9748,-0.4644,0.3887
1230797589265,6.8445,-0.2519,6.7840,0.5936,-0.3165,0.1505
1230797589274,6.8014,-0.0294,6.6452,0.2625,-0.1944,-0.1109
1230797589284,6.9139,0.3678,6.7481,-0.0380,-0.0966,-0.3602
1230797589294,7.1628,0.4922,6.9682,-0.3667,0.0170,-0.6118
1230797589303,7.4451,0.3056,6.7768,-0.7051,0.1673,-0.8525
1230797589312,7.7011,-0.2807,6.6045,-1.0130,0.3542,-1.0639
1230797589322,7.6796,-0.6468,6.6452,-1.2414,0.5668,-1.3180
1230797589332,7.6533,-0.8597,6.3844,-1.4100,0.7256,-1.5416
1230797589341,7.7729,-0.7999,6.1068,-1.6446,0.8306,-1.7309
1230797589351,8.0553,-1.0775,5.7886,-1.9647,0.9540,-1.9166
1230797589361,8.2204,-1.6828,5.0013,-2.3385,1.1263,-2.0742
1230797589370,8.3520,-2.5945,4.6615,-2.7099,1.3059,-2.1903
1230797589380,8.4884,-3.5301,4.1782,-3.0288,1.4660,-2.2844
1230797589390,8.5075,-4.4848,3.7283,-3.2377,1.6113,-2.3528
1230797589399,8.5697,-5.4827,3.8121,-3.3758,1.7372,-2.3614
1230797589409,8.6774,-6.2316,3.8073,-3.4967,1.8581,-2.3455
1230797589418,8.6678,-6.5786,3.4149,-3.5578,1.9778,-2.3125
1230797589428,8.5123,-6.8872,3.3933,-3.6067,2.0756,-2.2355
1230797589438,8.3352,-7.1433,3.1277,-3.7521,2.1501,-2.1524
1230797589447,8.2012,-7.3706,2.3453,-3.9757,2.2246,-2.0926
1230797589457,7.9835,-7.7702,1.0603,-4.2066,2.3004,-2.0181
1230797589466,7.8973,-8.8996,0.3951,-4.3984,2.3786,-1.9166
1230797589474,7.8878,-10.1223,0.3233,-4.5352,2.4897,-1.7957
1230797589484,7.5959,-10.6176,0.4884,-4.5193,2.6143,-1.6454
1230797589493,7.0575,-10.8163,1.0914,-4.3409,2.6974,-1.4365
1230797589505,6.4377,-10.4597,1.4312,-4.2774,2.6681,-1.2081
1230797589512,6.0046,-9.6892,1.5676,-4.4436,2.5606,-1.0187
1230797589525,5.8539,-8.7177,1.3044,-4.7124,2.4323,-0.8745
1230797589532,5.7366,-7.8874,0.3999,-4.9420,2.3358,-0.7157
1230797589543,5.5691,-8.2081,0.0171,-5.1314,2.3273,-0.4872
1230797589551,5.3705,-9.0456,-0.5452,-5.4051,2.3334,-0.2722
1230797589562,5.0571,-9.3303,-1.2033,-5.7178,2.3651,-0.1427
1230797589572,4.6479,-9.8519,-1.1411,-5.7557,2.3822,-0.0352
1230797589582,4.1550,-10.5602,-0.8324,-5.5419,2.3431,0.0625
1230797589591,3.7769,-10.7564,-0.9712,-5.2145,2.2796,0.1114
1230797589601,3.4802,-10.6272,-1.1482,-4.7209,2.2051,0.1456
1230797589611,3.3342,-10.6416,-1.1339,-4.0257,2.1269,0.1639
1230797589620,3.2146,-10.7971,-0.8802,-3.2267,2.0402,0.1554
1230797589630,3.2361,-10.8856,-0.6745,-2.4375,1.9608,0.1261
1230797589640,3.3079,-11.1201,-0.9664,-1.5591,1.9131,0.0577
1230797589649,3.3199,-11.2709,-0.9712,-0.6025,1.9192,-0.0401
1230797589659,3.0567,-11.0842,-1.0717,0.3163,1.9119,-0.1500
1230797589668,2.5207,-10.7205,-1.3062,0.9845,1.8386,-0.1842
1230797589678,2.1330,-9.6797,-0.7271,0.9271,1.6688,-0.0877
1230797589688,2.2359,-7.7151,0.3186,0.0756,1.4635,0.0613
1230797589697,2.8533,-5.7602,1.2709,-0.9629,1.3804,0.0845
1230797589707,3.4228,-4.9706,1.3427,-1.6971,1.4513,-0.0816
1230797589716,3.5903,-5.8033,0.9311,-2.2848,1.5588,-0.2148
1230797589726,3.3510,-7.6793,0.2922,-2.7209,1.6125,-0.1610
1230797589736,2.9155,-9.5744,-0.1361,-2.7649,1.6529,-0.0340
1230797589745,2.6116,-10.7397,-0.2007,-2.4619,1.6223,0.0870
1230797589755,2.6020,-10.5148,-0.3227,-2.0954,1.5295,0.1786
1230797589764,2.8365,-9.8878,-0.2820,-1.6776,1.4476,0.2641
1230797589773,3.0806,-9.5768,-0.2390,-1.3257,1.3914,0.3142
1230797589784,3.1452,-9.3638,-0.3107,-1.1376,1.3707,0.3069
1230797589794,2.9633,-9.4954,-0.4376,-0.9690,1.3462,0.2934
1230797589801,2.6882,-9.8137,-0.5381,-0.7625,1.2937,0.2800
1230797589811,2.4776,-9.8041,-0.6745,-0.5707,1.2191,0.2433
1230797589821,2.4130,-9.4069,-0.9616,-0.4375,1.1263,0.2055
1230797589831,2.3388,-9.1580,-0.8587,-0.3471,1.0469,0.1872
1230797589842,2.2168,-9.2513,-0.5117,-0.3410,0.9785,0.1859
1230797589851,2.2455,-9.4404,-0.4208,-0.4277,0.9027,0.2018
1230797589860,2.3077,-9.7323,-0.4352,-0.5218,0.8270,0.2250
1230797589870,2.3460,-10.0482,-0.5883,-0.5780,0.7671,0.2495
1230797589880,2.3556,-10.5770,-0.7462,-0.5450,0.7183,0.2666
1230797589889,2.3005,-11.2470,-0.8037,-0.3789,0.6841,0.2385
1230797589899,2.1498,-11.4695,-0.9496,-0.2005,0.6510,0.2055
1230797589909,1.9632,-11.0029,-1.1602,-0.0771,0.6010,0.2360
1230797589918,1.8028,-10.3305,-1.2966,0.0218,0.5399,0.2837
1230797589928,1.7263,-9.7682,-1.3253,0.1024,0.4739,0.2812
1230797589937,1.6736,-9.3949,-1.3349,0.1171,0.4214,0.2482
1230797589947,1.5851,-9.2561,-1.3827,0.0805,0.3762,0.2140
1230797589957,1.4176,-9.2131,-1.4426,-0.0026,0.3371,0.1994
1230797589966,1.2022,-9.0432,-1.6244,-0.1846,0.3029,0.1908
1230797589976,0.9677,-8.7823,-1.8900,-0.4351,0.2625,0.1872
1230797589985,0.7619,-8.3564,-2.3112,-0.7637,0.2161,0.1835
1230797589993,0.5370,-7.8468,-2.8328,-1.1400,0.1905,0.1872
1230797590003,0.2331,-7.4400,-3.3472,-1.5188,0.1978,0.1786
1230797590014,-0.0325,-7.2246,-4.2254,-1.7582,0.2112,0.0980
1230797590022,-0.3100,-7.9496,-4.9672,-1.6898,0.2063,-0.0596
1230797590033,-0.6020,-9.4930,-4.8452,-1.3392,0.1233,-0.2636
1230797590042,-0.7144,-10.6894,-4.7710,-0.9666,-0.0722,-0.4029
1230797590053,-0.6235,-11.0340,-4.7638,-0.6746,-0.3043,-0.3883
1230797590060,-0.4057,-10.0003,-4.8978,-0.5609,-0.5193,-0.2673
1230797590072,-0.2574,-8.1339,-5.2806,-0.6306,-0.7002,-0.1537
1230797590081,-0.2000,-6.4805,-5.6539,-0.8358,-0.8052,-0.1219
1230797590091,-0.1162,-5.8822,-5.8501,-1.1180,-0.8651,-0.1818
1230797590101,0.0872,-6.6551,-6.2641,-1.2915,-0.9372,-0.3455
1230797590111,0.2690,-8.6053,-6.2832,-1.1559,-1.0361,-0.5911
1230797590118,0.4413,-10.7086,-6.2043,-0.7247,-1.1534,-0.7829
1230797590128,0.5897,-11.9504,-6.4196,-0.1871,-1.2854,-0.8403
1230797590137,0.7069,-12.0701,-6.4364,0.3016,-1.4479,-0.7670
1230797590147,0.7931,-11.2517,-6.2904,0.6974,-1.6776,-0.6717
1230797590156,1.0969,-10.2444,-5.8142,0.9247,-1.9622,-0.5740
1230797590168,1.8100,-9.3518,-5.0629,0.9393,-2.2896,-0.5239
1230797590178,2.8868,-9.5983,-4.7135,1.0322,-2.5291,-0.5776
1230797590187,3.7602,-11.2398,-4.5173,1.4097,-2.6085,-0.6815
1230797590196,3.9803,-12.9746,-4.6322,1.8837,-2.6573,-0.6998
1230797590207,3.8846,-13.3120,-4.9050,2.1855,-2.7343,-0.5703
1230797590216,3.9683,-11.3570,-3.9431,2.1818,-2.8321,-0.4090
1230797590226,4.3297,-7.5022,-3.8665,2.0145,-2.9481,-0.4115
1230797590235,4.7651,-4.0996,-3.6081,1.9864,-3.0740,-0.5776
1230797590245,5.5261,-3.1520,-2.8567,2.0633,-3.2316,-0.7047
1230797590254,6.6435,-4.9897,-2.1963,2.0939,-3.4405,-0.6900
1230797590264,7.8950,-7.3347,-1.1004,1.9851,-3.5786,-0.5556
1230797590273,8.6678,-8.8661,-0.4065,1.9668,-3.5920,-0.4530
1230797590283,8.7492,-10.0864,-0.5165,2.4017,-3.5089,-0.4616
1230797590293,8.5362,-10.8474,-0.0332,3.0040,-3.3305,-0.5104
1230797590303,8.1151,-10.6416,0.4406,3.5013,-3.1412,-0.5923
1230797590312,7.7370,-10.2061,0.7517,4.0193,-2.9713,-0.7059
1230797590322,7.3183,-10.1128,0.8210,4.5911,-2.8027,-0.7743
1230797590332,6.8613,-9.8017,0.7301,5.0028,-2.6879,-0.7291
1230797590341,6.3779,-9.1939,0.6655,5.2141,-2.6659,-0.6082
1230797590350,5.8826,-8.6603,0.7923,5.2728,-2.7001,-0.4518
1230797590360,5.5835,-8.1889,1.0747,5.1775,-2.7478,-0.2783
1230797590370,5.6816,-8.1507,2.2855,5.0822,-2.7539,-0.1036
1230797590380,6.0549,-8.6244,3.2450,4.9808,-2.7172,0.1371
1230797590389,6.3468,-9.0168,3.6709,4.7609,-2.6048,0.3643
1230797590399,6.3372,-8.9211,3.2091,4.4970,-2.4423,0.4669
1230797590406,6.1075,-8.6412,2.6061,4.3321,-2.2554,0.4816
1230797590416,5.8204,-8.8039,2.8956,4.2392,-2.0331,0.5353
1230797590426,5.5524,-9.3614,3.5991,4.2038,-1.8156,0.6758
1230797590435,5.3251,-9.6438,3.5560,4.1830,-1.6275,0.8066
1230797590444,5.3107,-9.5074,4.1782,4.1891,-1.4637,0.8676
1230797590456,5.2174,-8.9235,3.2641,4.3296,-1.2878,0.9336
1230797590466,4.9422,-8.3851,2.5894,4.6228,-1.1681,1.0815
1230797590475,4.8082,-8.2535,3.1469,4.8941,-1.0618,1.2659
1230797590485,4.8656,-7.7774,3.4436,4.9661,-1.0313,1.3954
1230797590494,5.0403,-7.1887,3.8671,4.7914,-1.0264,1.5249
1230797590503,5.1982,-6.1909,3.9413,4.3650,-1.0007,1.6007
1230797590512,5.3203,-5.3104,3.9915,3.8421,-0.9359,1.6202
1230797590522,5.2605,-5.2170,3.8456,3.3205,-0.8199,1.6508
1230797590531,5.0882,-5.6717,3.5369,2.8672,-0.7014,1.6410
1230797590541,4.7651,-6.4781,3.1588,2.6119,-0.6378,1.5616
1230797590550,4.6216,-7.1672,2.7545,2.5447,-0.6965,1.4822
1230797590562,4.9733,-7.0260,2.8047,2.5337,-0.8688,1.3673
1230797590571,5.6385,-5.9732,2.3764,2.5386,-1.0374,1.2329
1230797590580,6.1769,-4.8462,2.1993,2.5447,-1.1155,1.1377
1230797590590,6.5239,-3.7957,2.7138,2.4311,-1.1143,1.0851
1230797590600,6.6555,-3.0707,3.1995,2.1586,-1.0826,1.0607
1230797590610,6.7009,-2.9439,4.5012,1.8312,-1.0349,1.0619
1230797590620,6.8684,-3.5660,5.4918,1.5587,-0.9946,1.0876
1230797590629,6.9426,-4.2121,5.1784,1.3058,-0.9616,1.0998
1230797590639,7.0048,-4.0470,5.2908,1.1434,-0.9274,0.9886
1230797590648,7.2082,-2.7955,5.7263,1.0713,-0.9201,0.7895
1230797590658,7.3470,-1.6996,5.8914,0.8721,-0.8651,0.6209
1230797590668,7.3996,-1.2593,6.0996,0.5142,-0.7283,0.4669
1230797590677,7.3590,-1.2282,6.2623,0.1403,-0.5584,0.2849
1230797590687,7.2608,-1.4579,6.5423,-0.1492,-0.3960,0.1004
1230797590696,7.2202,-1.3933,6.6284,-0.3606,-0.2701,-0.0560
1230797590706,7.1771,-0.9889,7.0185,-0.5182,-0.1516,-0.2160
1230797590716,7.2393,-0.8956,7.2625,-0.6953,-0.0258,-0.3944
1230797590723,7.4164,-1.2186,7.4372,-0.9116,0.1172,-0.5801
1230797590733,7.6509,-1.5895,7.4181,-1.1339,0.2735,-0.7768
1230797590743,7.7873,-1.9173,7.1979,-1.2940,0.4458,-0.9845
1230797590752,7.8184,-2.2787,6.8414,-1.4161,0.6059,-1.1677
1230797590762,7.8902,-2.4605,6.7505,-1.5481,0.7292,-1.3327
1230797590773,8.0002,-2.5443,6.5016,-1.7216,0.8636,-1.4866
1230797590783,8.0218,-2.7716,6.2480,-1.9317,1.0225,-1.6124
1230797590793,7.9883,-3.2741,6.1858,-2.1394,1.1849,-1.7126
1230797590802,7.8902,-3.5971,5.9872,-2.3422,1.3364,-1.8067
1230797590812,7.8399,-3.9273,5.8579,-2.5487,1.4452,-1.8861
1230797590821,7.9524,-4.4465,5.8795,-2.7515,1.5344,-1.9460
1230797590831,8.1558,-5.1405,5.5852,-2.9812,1.6406,-2.0022
1230797590841,8.2515,-5.5712,5.0181,-3.1412,1.7824,-2.0669
1230797590850,8.2252,-5.9660,4.6591,-3.1925,1.9192,-2.0926
1230797590860,8.1318,-6.4326,4.1590,-3.2365,2.0328,-2.0852
1230797590869,8.0720,-6.9782,3.7020,-3.2817,2.1464,-2.0620
1230797590879,7.9691,-7.6553,3.7331,-3.3184,2.2857,-2.0107
1230797590889,7.7490,-8.3636,3.7188,-3.3257,2.4152,-1.9386
1230797590898,7.5504,-8.8924,3.8767,-3.3684,2.5203,-1.8384
1230797590908,7.3039,-8.9618,3.8791,-3.4796,2.5704,-1.7444
1230797590917,7.1675,-8.6890,4.2093,-3.5994,2.5777,-1.6540
1230797590927,7.0264,-8.3421,4.1064,-3.7264,2.5814,-1.5367
1230797590937,6.8900,-8.4761,3.4484,-3.8669,2.6400,-1.3669
1230797590946,6.6866,-9.0001,2.6659,-4.0282,2.7659,-1.2264
1230797590956,6.4617,-9.2322,1.9313,-4.1271,2.8795,-1.1714
1230797590965,6.1913,-9.3494,1.7064,-4.0685,2.9503,-1.1042
1230797590975,5.8299,-9.5720,1.8165,-3.8486,2.9907,-0.9820
1230797590984,5.4543,-9.7371,1.9840,-3.6165,3.0371,-0.8317
1230797590993,5.0475,-9.6198,1.9265,-3.3501,3.0542,-0.7377
1230797591003,4.5809,-9.4523,1.8643,-3.0093,3.0261,-0.6693
1230797591013,4.1645,-9.3638,1.9122,-2.7124,2.9491,-0.5947
1230797591021,3.9277,-9.3542,1.9170,-2.5927,2.8428,-0.5092
1230797591031,3.8941,-9.0647,1.6681,-2.6574,2.7182,-0.4506
1230797591042,3.9899,-8.4043,1.2422,-2.8614,2.6070,-0.4115
1230797591050,4.2555,-7.8252,0.9192,-3.1217,2.5802,-0.3492
1230797591060,4.4589,-7.8109,0.2587,-3.2121,2.6754,-0.2954
1230797591069,4.3607,-8.6914,-0.0691,-3.0398,2.8294,-0.2868
1230797591079,3.9588,-9.7825,-0.0595,-2.7332,2.9601,-0.3064
1230797591090,3.4395,-10.3353,0.1822,-2.3593,2.9650,-0.3101
1230797591100,3.0064,-10.3401,0.6440,-1.9965,2.8502,-0.2539
1230797591109,2.8078,-9.5816,0.9311,-1.8034,2.6742,-0.2038
1230797591119,2.8413,-8.4115,0.6847,-1.7900,2.4958,-0.1842
1230797591127,3.0447,-7.4089,0.5052,-1.9769,2.3712,-0.1476
1230797591139,3.2218,-6.7150,0.4167,-2.3801,2.3089,-0.0865
1230797591148,3.3821,-6.2077,0.1870,-2.8895,2.2882,-0.0107
1230797591158,3.4323,-5.9660,-0.6146,-3.3648,2.2906,0.0674
1230797591167,3.5304,-6.2723,-1.2009,-3.6653,2.3138,0.1297
1230797591177,3.3007,-7.8396,-1.5215,-3.6458,2.3358,0.1322
1230797591186,2.9251,-9.9237,-1.1913,-3.4259,2.3529,0.0992
1230797591194,2.5446,-10.7588,-1.1339,-3.1828,2.3492,0.0882
1230797591206,2.3101,-10.3401,-0.8922,-2.7955,2.3028,0.0967
1230797591215,2.3173,-9.3447,-0.9760,-2.3788,2.1794,0.1420
1230797591225,2.6379,-8.4091,-1.7560,-2.1846,2.0646,0.2397
1230797591235,3.0016,-8.9881,-2.0695,-1.9549,2.0182,0.2898
1230797591242,3.1189,-10.4334,-2.2824,-1.6348,2.0060,0.2018
1230797591312,2.9681,-11.4025,-2.3566,-1.2622,1.9925,0.1138
1230797591313,2.6930,-11.2805,-2.2418,-0.8493,1.9314,0.0992
1230797591314,2.3604,-10.3066,-2.2489,-0.5169,1.8202,0.1187
1230797591315,2.2455,-9.4404,-2.0001,-0.3960,1.6920,0.1322
1230797591315,2.2957,-8.5646,-1.8637,-0.5353,1.5698,0.1151
1230797591316,2.3651,-8.1124,-1.7776,-0.7295,1.4757,0.0699
1230797591317,2.3316,-8.2655,-1.9307,-0.8761,1.3914,0.0198
1230797591323,2.2599,-8.8996,-1.9451,-0.9898,1.3377,-0.0010
1230797591329,2.2479,-9.9046,-1.9977,-0.9641,1.2790,-0.0071
1230797591338,2.3364,-10.6344,-1.9929,-0.7735,1.2057,-0.0230
1230797591348,2.4537,-10.4717,-1.7656,-0.5780,1.1275,-0.0254
1230797591357,2.5470,-9.7299,-1.5263,-0.4277,1.0677,-0.0462
1230797591367,2.6068,-9.1078,-1.3516,-0.3374,1.0102,-0.0633
1230797591376,2.5302,-8.8517,-1.2942,-0.3092,0.9467,-0.0914
1230797591388,2.4896,-8.9546,-1.3851,-0.2958,0.8587,-0.1305
1230797591398,2.5015,-9.2729,-1.7632,-0.2677,0.7561,-0.1647
1230797591407,2.5590,-9.5170,-1.9020,-0.1724,0.6425,-0.2135
1230797591416,2.5685,-9.5744,-2.0312,-0.0344,0.5191,-0.2771
1230797591426,2.5972,-9.5217,-2.0168,0.1147,0.4116,-0.3467
1230797591436,2.6236,-9.6151,-1.7106,0.3431,0.2540,-0.4616
1230797591446,2.6379,-9.7108,-1.4043,0.5716,0.0842,-0.6228
1230797591455,2.7599,-9.9764,-1.2033,0.7634,-0.0917,-0.7487
1230797591465,2.9562,-10.5148,-0.9807,1.0090,-0.3006,-0.8794
1230797591475,3.2337,-11.0460,-0.6051,1.3058,-0.5193,-1.0187
1230797591484,3.5616,-11.4623,-0.4041,1.6308,-0.7050,-1.0822
1230797591492,3.8008,-11.8260,0.0147,2.0132,-0.8333,-1.1164
1230797591506,3.8798,-11.8212,0.5387,2.3993,-0.9274,-1.1616
1230797591511,3.8702,-11.3379,0.9814,2.6668,-0.9909,-1.1665
1230797591522,3.7793,-10.7014,1.3307,2.8330,-1.0056,-1.1286
1230797591531,3.7027,-10.1534,1.6322,2.9307,-0.9983,-1.1323
1230797591542,3.6381,-9.7730,1.4815,2.9515,-0.9970,-1.1384
1230797591550,3.6692,-9.5170,1.4504,2.9173,-0.9604,-1.1592
1230797591561,3.5735,-9.5457,1.8332,2.9588,-0.9066,-1.1958
1230797591570,3.3965,-9.8184,2.2233,3.0602,-0.8468,-1.2166
1230797591580,3.1835,-9.7849,2.5247,3.0725,-0.7710,-1.2093
1230797591590,3.0614,-9.8113,2.5726,3.0016,-0.6806,-1.1274
1230797591600,2.9251,-9.6629,2.0653,2.9014,-0.5682,-1.0187
1230797591609,2.8293,-9.0073,1.1321,2.7292,-0.4179,-0.9038
1230797591619,2.5972,-9.1652,1.3020,2.7206,-0.2909,-0.8049
1230797591628,2.5039,-9.7562,1.7519,2.7927,-0.2396,-0.7499
1230797591638,2.6858,-9.8807,1.3475,2.7402,-0.2115,-0.6949
1230797591648,2.8652,-9.7514,0.6679,2.7121,-0.1235,-0.6204
1230797591661,2.7767,-9.5959,0.2205,2.7695,-0.0038,-0.5495
1230797591665,2.5901,-9.1030,-0.3993,2.6718,0.1135,-0.4518
1230797591675,2.3843,-8.4402,-1.0693,2.2832,0.2100,-0.2722
1230797591684,2.2311,-7.9999,-1.4234,1.6540,0.2467,-0.0413
1230797591694,2.2311,-7.7678,-1.6651,0.8587,0.1978,0.1627
1230797591705,2.4345,-7.6601,-2.1891,-0.0173,0.0976,0.3448
1230797591715,2.7863,-7.9951,-3.2707,-0.7857,0.0048,0.5182
1230797591725,3.0806,-8.8613,-4.6011,-1.3599,-0.0404,0.6673
1230797591733,3.1667,-9.7754,-5.9076,-1.7485,-0.0600,0.7858
1230797591744,3.0782,-10.6631,-6.8168,-2.0148,-0.1076,0.9287
1230797591754,2.9562,-11.0220,-7.3815,-2.2970,-0.2469,1.1218
1230797591763,2.8652,-10.6320,-7.6759,-2.6305,-0.5230,1.3221
1230797591772,2.9179,-9.9118,-7.9582,-2.8883,-0.8907,1.4871
1230797591782,3.1284,-8.9786,-8.6067,-3.0642,-1.2389,1.5738
1230797591792,3.2313,-8.3397,-9.0302,-3.0398,-1.5040,1.5604
1230797591801,3.2098,-8.4330,-8.7359,-2.7832,-1.7264,1.4773
1230797591811,3.0567,-8.3684,-8.3267,-2.5328,-1.9463,1.3918
1230797591820,2.9227,-7.6529,-7.8362,-2.4399,-2.1821,1.3722
1230797591829,2.9107,-6.5092,-7.2811,-2.4583,-2.4411,1.3783
1230797591840,3.0830,-5.1548,-6.9484,-2.5267,-2.7294,1.2843
1230797591849,3.5879,-4.6691,-7.3552,-2.5218,-2.9762,1.1096
1230797591859,4.1956,-5.6406,-8.1472,-2.3508,-3.1717,0.9055
1230797591869,4.7508,-8.1865,-7.9750,-1.9122,-3.4173,0.6074
1230797591878,5.3011,-10.8330,-7.4677,-1.2023,-3.7276,0.2531
1230797591888,6.1434,-12.4290,-7.0513,-0.4094,-4.1308,-0.0242
1230797591897,7.4571,-12.0940,-5.5343,0.2026,-4.5999,-0.2294
1230797591906,9.2301,-9.1389,-4.9815,0.5142,-4.9005,-0.5312
1230797591916,10.4744,-4.6858,-5.2208,0.4678,-4.9750,-0.8647
1230797591926,11.0989,-3.6808,-3.7110,0.6180,-4.9212,-0.9722
1230797591936,11.3502,-7.4519,-2.2178,0.8343,-4.8809,-0.7572
1230797591945,11.4698,-9.2489,-3.1702,0.2564,-4.9090,-0.5227
1230797591955,12.1661,-9.9189,-1.2128,0.1183,-4.8601,-0.5434
1230797591963,12.6878,-13.5680,2.5989,1.0090,-4.5229,-0.6277
1230797591972,12.3791,-16.4250,2.1826,1.7542,-4.2713,-0.4823
1230797591982,11.9604,-15.6761,1.7495,2.2148,-4.1821,-0.3858
1230797591992,11.0224,-13.7235,0.3281,2.8868,-4.1149,-0.3186
1230797592003,10.5917,-11.9816,0.9694,3.4402,-4.0123,-0.2746
1230797592013,9.8236,-11.3307,0.0865,3.7554,-3.9121,-0.2759
1230797592020,9.2349,-11.4049,-0.7247,4.0352,-3.9353,-0.2417
1230797592031,8.9023,-11.2852,-0.6170,4.1806,-3.9255,-0.1879
1230797592039,8.4166,-9.8208,-2.2800,4.1036,-4.0013,-0.0755
1230797592050,8.1390,-8.4186,-2.6055,4.1268,-4.1210,0.0259
1230797592059,8.2802,-8.6412,-1.7488,4.5117,-4.2884,0.1566
1230797592070,8.6654,-8.8948,-1.2296,4.7120,-4.4069,0.3350
1230797592080,9.0220,-8.3684,-1.2631,4.6521,-4.4496,0.5109
1230797592089,9.3306,-7.4017,-1.0477,4.6913,-4.3922,0.5977
1230797592099,9.4958,-7.1433,-0.2318,4.9722,-4.2444,0.7003
1230797592109,9.4312,-7.3060,0.6942,5.2740,-4.0355,0.8224
1230797592118,9.3570,-7.1241,2.0055,5.3327,-3.7728,0.9495
1230797592126,9.1631,-6.6001,2.4171,5.2618,-3.5016,1.1035
1230797592138,8.8545,-6.2196,2.2735,5.3314,-3.2291,1.2476
1230797592147,8.4644,-5.9229,2.4410,5.3461,-2.9750,1.3967
1230797592157,8.1007,-5.8751,2.5224,5.1592,-2.7356,1.5738
1230797592166,7.7849,-5.6956,2.4123,4.7206,-2.5401,1.7155
1230797592176,7.6030,-5.7961,2.5415,4.1109,-2.3031,1.7840
1230797592186,7.4140,-5.5736,2.4410,3.4744,-2.1283,1.7717
1230797592194,7.1412,-5.6262,1.9576,2.9833,-2.0013,1.7412
1230797592204,6.9713,-6.1431,2.2376,2.5654,-1.9158,1.7363
1230797592213,7.0718,-6.4182,2.8191,2.1513,-1.8168,1.7253
1230797592224,7.1843,-6.3608,3.3574,1.9424,-1.6763,1.6850
1230797592234,7.0694,-6.3249,4.1112,1.9888,-1.5065,1.6361
1230797592243,6.7344,-5.8775,4.5180,2.0865,-1.3391,1.6044
1230797592253,6.3588,-4.6930,4.4103,2.0108,-1.2023,1.5640
1230797592262,5.9975,-3.3339,4.2500,1.7750,-1.0716,1.4748
1230797592272,5.6720,-2.8027,4.3241,1.4085,-0.9152,1.3539
1230797592280,5.5667,-2.8888,4.3553,0.8856,-0.7490,1.2036
1230797592289,5.6409,-2.8673,4.4701,0.2454,-0.5511,0.9923
1230797592299,5.7366,-3.1592,4.3935,-0.2079,-0.3630,0.7455
1230797592309,5.8347,-4.2073,4.2332,-0.3337,-0.1712,0.5585
1230797592319,5.7988,-4.8605,4.1399,-0.3044,-0.0038,0.3802
1230797592329,5.6888,-4.7887,4.2524,-0.1333,0.1330,0.1774
1230797592339,5.4495,-4.3532,4.6208,0.1391,0.2381,-0.0144
1230797592349,5.3011,-3.6856,5.0133,0.3089,0.3004,-0.1806
1230797592359,5.2102,-2.9702,5.2645,0.2527,0.3456,-0.3553
1230797592368,5.1432,-3.0180,5.3866,0.0670,0.4202,-0.5312
1230797592378,5.2126,-3.3961,5.3937,-0.2335,0.4886,-0.6827
1230797592387,5.4710,-3.3865,5.4009,-0.5829,0.5497,-0.8672
1230797592397,5.7510,-3.1975,5.3531,-0.9116,0.5948,-1.0688
1230797592407,6.0573,-3.2884,5.1497,-1.2378,0.6462,-1.2264
1230797592416,6.3157,-3.6665,4.8147,-1.6214,0.7329,-1.3461
1230797592426,6.5478,-4.2025,4.3840,-2.0258,0.8600,-1.4658
1230797592435,6.7081,-4.7648,3.9580,-2.3312,1.0090,-1.5855
1230797592445,6.8278,-5.3486,3.8288,-2.5218,1.1495,-1.7004
1230797592455,6.9785,-6.1024,3.7905,-2.6171,1.2778,-1.7810
1230797592463,7.1508,-6.8729,3.5776,-2.6391,1.3877,-1.8226
1230797592474,7.3972,-7.6888,3.7762,-2.6232,1.5063,-1.8458
1230797592483,7.6006,-8.1650,3.6111,-2.6073,1.6370,-1.8714
1230797592493,7.7681,-8.1841,3.1564,-2.5633,1.7860,-1.8898
1230797592502,7.8040,-8.1219,2.8095,-2.5096,1.9021,-1.8861
1230797592510,7.8615,-8.2487,2.4218,-2.4913,1.9962,-1.8470
1230797592522,7.9739,-8.3373,1.8619,-2.6257,2.1061,-1.7932
1230797592531,8.1175,-8.4521,1.3570,-2.8480,2.2454,-1.7419
1230797592540,8.1749,-8.8541,0.7397,-3.0423,2.4152,-1.6723
1230797592549,8.1414,-9.3447,0.1702,-3.1791,2.6119,-1.5746
1230797592560,7.8112,-9.6366,0.0027,-3.2768,2.8111,-1.4939
1230797592570,7.4020,-10.0242,0.2276,-3.3159,2.9797,-1.4109
1230797592580,6.9306,-10.5482,0.2157,-3.2793,3.1079,-1.3192
1230797592587,6.5502,-10.5650,-0.1098,-3.1693,3.1727,-1.2484
1230797592597,6.3635,-9.9620,-0.2868,-3.0948,3.1385,-1.1946
1230797592607,6.4664,-9.5122,-0.4352,-3.0447,3.0408,-1.1066
1230797592616,6.7655,-9.3853,-1.0430,-3.0459,2.9845,-0.9747
1230797592626,7.0575,-9.3375,-1.6268,-3.1388,3.0444,-0.8403
1230797592637,7.1053,-9.3638,-1.8709,-3.2060,3.1959,-0.7083
1230797592647,6.7966,-9.9572,-1.9618,-3.1693,3.3706,-0.5544
1230797592656,6.3947,-10.4166,-1.9690,-3.0936,3.5221,-0.4249
1230797592666,5.9998,-10.1319,-1.9785,-3.0691,3.6015,-0.3308
1230797592676,5.6912,-10.0386,-1.5478,-2.8932,3.6235,-0.2294
1230797592686,5.4926,-10.3353,-1.4545,-2.5633,3.5844,-0.1464
1230797592693,5.4615,-10.0960,-1.9881,-2.3251,3.5087,-0.1036
1230797592705,5.5907,-9.1317,-2.3638,-2.3288,3.4354,-0.0217
1230797592714,5.8012,-8.2775,-2.2657,-2.4131,3.3853,0.0980
1230797592724,6.0525,-7.7032,-2.3136,-2.4937,3.3743,0.1896
1230797592734,6.1626,-7.6099,-3.0529,-2.4986,3.4378,0.2299
1230797592743,5.9783,-8.6172,-3.1223,-2.3056,3.5282,0.2666
1230797592753,5.6960,-9.7897,-2.5672,-2.0514,3.5832,0.3338
1230797592762,5.4662,-10.0218,-2.2250,-1.8266,3.5539,0.4242
1230797592772,5.3633,-9.3973,-2.1269,-1.5957,3.4598,0.5219
1230797592782,5.3873,-8.6196,-2.0288,-1.4650,3.3682,0.6196
1230797592791,5.5524,-7.5620,-2.1460,-1.6922,3.3156,0.7296
1230797592801,5.8299,-6.2316,-2.4140,-2.2200,3.2985,0.8371
1230797592810,5.9137,-5.4300,-2.7442,-2.7026,3.3657,0.8933
1230797592820,5.6553,-5.7219,-3.1343,-2.9616,3.4855,0.9043
1230797592830,5.0786,-6.6647,-3.4645,-3.0850,3.6015,0.9055
1230797592839,4.3512,-7.5213,-3.6846,-3.1156,3.6418,0.9239
1230797592849,3.6501,-8.4426,-3.5482,-2.9433,3.6015,0.9556
1230797592859,3.0902,-8.7967,-3.3138,-2.7539,3.5026,0.9788
1230797592868,2.7671,-8.6603,-3.1630,-2.5902,3.3547,0.9850
1230797592878,2.7480,-8.6795,-3.1750,-2.3569,3.1861,0.9740
1230797592888,2.8293,-8.9427,-2.9859,-2.1382,3.0408,0.9507
1230797592897,3.2050,-10.0793,-1.4378,-1.9244,2.9027,0.9190
1230797592905,3.4587,-10.6224,-2.7084,-1.6116,2.7231,0.8444
1230797592914,2.9514,-10.4645,-5.1777,-1.3025,2.6938,0.8469
1230797592924,1.8004,-10.1941,-5.1371,-0.8725,2.6962,0.8139
1230797592933,0.7285,-10.3090,-5.2950,-0.5780,2.5435,0.7101
1230797592943,0.0321,-10.5387,-5.2878,-0.5133,2.2723,0.5977
1230797592955,-0.2335,-10.2252,-4.9050,-0.5646,1.9302,0.4706
1230797592964,-0.0085,-10.3114,-4.2996,-0.5011,1.5612,0.3973
1230797592974,0.6112,-10.6559,-3.7325,-0.3105,1.2301,0.3606
1230797592984,1.2668,-10.5889,-3.3066,-0.2323,1.0493,0.3435
1230797592993,1.6281,-10.1654,-2.8950,-0.2298,1.0444,0.3570
1230797593002,1.5420,-9.7251,-2.5528,-0.2030,1.1348,0.3826
1230797593011,1.2070,-9.3375,-2.3877,-0.1810,1.2167,0.4058
1230797593020,0.9079,-8.9068,-2.3016,-0.2249,1.2350,0.4339
1230797593031,0.8672,-8.7441,-2.2466,-0.2787,1.1996,0.4657
1230797593039,1.1448,-8.6555,-2.0527,-0.3129,1.1324,0.4804
1230797593050,1.5755,-8.3828,-2.0049,-0.3459,1.0897,0.4730
1230797593058,1.9081,-8.3684,-1.9020,-0.3007,1.0933,0.4462
1230797593070,2.0493,-8.4593,-2.0384,-0.2152,1.1446,0.3961
1230797593079,2.0900,-8.4928,-2.1843,-0.2005,1.2033,0.3582
1230797593088,2.0038,-8.3158,-2.2035,-0.1883,1.2143,0.3215
1230797593098,1.9464,-8.1817,-2.2489,-0.1346,1.1825,0.2934
1230797593108,1.9847,-8.2057,-2.4475,-0.0796,1.1251,0.2837
1230797593118,2.0876,-8.1483,-2.7275,-0.0869,1.0567,0.2764
1230797593125,2.2096,-8.1698,-2.9022,-0.1162,0.9711,0.2617
1230797593137,2.3149,-8.3828,-2.8160,-0.1150,0.8612,0.2299
1230797593147,2.4561,-8.5885,-2.7993,-0.1174,0.7549,0.1859
1230797593156,2.5685,-8.7943,-2.8711,-0.1199,0.6963,0.1578
1230797593166,2.5733,-8.9642,-2.7466,-0.1138,0.6669,0.1358
1230797593175,2.5278,-8.9714,-2.8759,-0.0979,0.6303,0.1016
1230797593185,2.5278,-8.9379,-2.9811,-0.0930,0.5729,0.0662
1230797593193,2.5470,-8.8733,-3.0051,-0.0845,0.4825,0.0235
1230797593204,2.5781,-9.0240,-3.0266,-0.0393,0.3823,-0.0156
1230797593212,2.6068,-9.2370,-3.0027,-0.0197,0.2858,-0.0376
1230797593222,2.5757,-9.3853,-2.9596,-0.0466,0.2015,-0.0425
1230797593231,2.4920,-9.5504,-2.7993,-0.0454,0.1220,-0.0511
1230797593241,2.3149,-9.6509,-2.5313,0.0218,0.0439,-0.0743
1230797593250,2.1713,-9.5433,-2.3973,0.0829,-0.0209,-0.0926
1230797593262,2.0589,-9.2322,-2.3925,0.1012,-0.0685,-0.0889
1230797593272,1.9584,-9.0073,-2.1628,0.1134,-0.1186,-0.1024
1230797593281,1.8579,-8.8828,-2.1173,0.0963,-0.1724,-0.1525
1230797593291,1.7502,-8.9355,-2.1724,0.0707,-0.1907,-0.1842
1230797593300,1.5564,-9.2059,-2.0551,0.0621,-0.1944,-0.2075
1230797593310,1.3793,-9.2992,-2.0097,0.0646,-0.2273,-0.2441
1230797593320,1.2979,-9.4140,-2.0982,0.0829,-0.2677,-0.2636
1230797593329,1.3003,-9.6653,-2.2585,0.1330,-0.2921,-0.2722
1230797593339,1.3362,-9.9381,-2.6079,0.2185,-0.3129,-0.2966
1230797593349,1.3649,-10.2013,-2.9548,0.3456,-0.3422,-0.3272
1230797593358,1.3817,-10.3497,-3.3975,0.4665,-0.3727,-0.3479
1230797593368,1.3817,-10.4812,-3.9359,0.5850,-0.4204,-0.3540
1230797593377,1.3195,-10.7062,-4.2374,0.6815,-0.4974,-0.3565
1230797593386,1.1855,-10.6105,-4.3642,0.6583,-0.6085,-0.3443
1230797593397,1.0898,-10.2850,-4.5484,0.5386,-0.7466,-0.2917
1230797593406,1.0874,-10.2180,-4.9839,0.4690,-0.9127,-0.2453
1230797593416,1.2621,-10.7875,-5.4099,0.5032,-1.0997,-0.2368
1230797593425,1.4367,-11.4288,-5.7066,0.5594,-1.3025,-0.2368
1230797593435,1.6712,-11.8332,-5.9817,0.6400,-1.4870,-0.2135
1230797593444,1.9272,-12.0462,-6.0894,0.8721,-1.6580,-0.2075
1230797593454,2.2359,-11.7734,-5.8621,1.1592,-1.8364,-0.1879
1230797593464,2.5733,-10.7708,-5.6324,1.3010,-2.0465,-0.1451
1230797593473,2.9227,-9.2489,-5.3165,1.3266,-2.2408,-0.1097
1230797593483,3.2361,-8.4258,-5.3811,1.3352,-2.4252,-0.0291
1230797593492,3.4084,-8.1626,-5.6109,1.3584,-2.5792,0.0051
1230797593500,3.4276,-8.7297,-5.4529,1.4512,-2.7172,-0.0010
1230797593510,3.4658,-9.1485,-5.2041,1.5526,-2.8724,-0.0034
1230797593522,3.6501,-8.8278,-5.1203,1.6699,-3.0251,-0.0010
1230797593530,3.8822,-8.5646,-4.6226,1.9106,-3.1888,0.0063
1230797593541,4.1358,-8.2392,-4.0842,2.0792,-3.3183,0.0308
1230797593548,4.3225,-8.0717,-3.9096,2.1415,-3.3977,0.0723
1230797593559,4.3607,-8.0430,-3.5626,2.1672,-3.4356,0.1212
1230797593570,4.2124,-8.0501,-3.5626,2.1757,-3.4771,0.1737
1230797593579,4.1813,-8.2392,-3.2013,2.1769,-3.5407,0.2360
1230797593588,4.2339,-8.4904,-2.8424,2.1965,-3.6372,0.2837
1230797593598,4.3919,-8.6220,-2.8639,2.2234,-3.7313,0.3240
1230797593608,4.4732,-8.7058,-2.8878,2.2063,-3.7984,0.3949
1230797593618,4.4421,-8.7489,-2.7299,2.1660,-3.8302,0.4608
1230797593627,4.5115,-8.3038,-1.4473,2.0034,-3.8375,0.5024
1230797593637,4.4900,-8.4665,-1.1889,1.9778,-3.8779,0.5402
1230797593646,4.5211,-8.9116,-1.0956,2.0389,-3.9011,0.5818
1230797593656,4.4971,-9.1413,-0.5309,1.9888,-3.8999,0.6282
1230797593666,4.4732,-9.0575,-0.1241,1.8740,-3.8962,0.6905
1230797593675,4.4732,-8.7153,-0.2796,1.7383,-3.8828,0.7663
1230797593683,4.5259,-8.2703,-0.2605,1.5722,-3.8437,0.8212
1230797593694,4.6240,-8.4785,0.1750,1.5038,-3.7887,0.8457
1230797593704,4.7484,-9.0958,0.1487,1.4830,-3.7129,0.8713
1230797593714,4.8417,-9.5289,0.3210,1.3559,-3.5810,0.8872
1230797593723,4.8920,-9.7562,0.9192,1.3315,-3.4564,0.8725
1230797593733,4.8441,-10.2252,1.4743,1.5416,-3.3721,0.8408
1230797593742,4.9159,-10.2372,1.1441,1.8068,-3.3134,0.8114
1230797593752,4.9877,-9.4547,1.0795,1.9912,-3.2328,0.8628
1230797593762,5.1073,-8.6220,1.8763,2.3089,-3.1265,0.9336
1230797593771,5.2963,-8.6005,3.1206,2.7719,-3.0275,1.0204
1230797593781,5.3322,-8.9594,2.5511,3.0835,-2.9164,1.1096
1230797593790,5.2317,-9.0168,2.3285,3.1702,-2.7527,1.1108
1230797593800,5.2341,-8.7608,2.9339,3.2166,-2.5853,1.0521
1230797593810,5.3705,-8.4928,3.4388,3.2533,-2.4631,1.0375
1230797593817,5.5428,-8.7632,3.5321,3.4011,-2.3226,1.0399
1230797593828,5.5500,-9.3901,3.5489,3.7175,-2.1565,1.0448
1230797593837,5.3107,-9.2801,3.8934,4.0095,-2.0050,1.0717
1230797593847,4.9781,-8.2846,4.5132,4.1769,-1.9402,1.1096
1230797593857,4.9231,-7.6888,5.0348,4.2441,-1.8938,1.1596
1230797593868,5.0714,-7.1672,4.5850,4.1268,-1.8816,1.2733
1230797593877,5.3849,-6.8322,4.7596,3.9216,-1.8009,1.3759
1230797593887,5.4662,-6.4493,4.6855,3.5795,-1.6800,1.4529
1230797593896,5.3203,-6.5259,5.0252,3.1983,-1.5248,1.5384
1230797593906,4.9159,-6.9997,5.2741,2.8501,-1.3831,1.6239
1230797593915,4.3368,-7.6912,5.0611,2.5447,-1.3159,1.6740
1230797593925,3.8559,-8.7417,4.6831,2.3529,-1.3147,1.6801
1230797593935,3.7554,-9.0791,4.0322,2.2258,-1.4075,1.6373
1230797593944,4.0664,-8.6316,4.0514,2.2246,-1.5102,1.5934
1230797593954,4.4206,-7.8204,4.4653,2.3748,-1.5981,1.5983
1230797593963,4.6910,-6.7772,5.2502,2.4653,-1.6262,1.6508
1230797593973,4.6527,-5.7578,5.8460,2.4079,-1.5896,1.7131
1230797593983,4.2315,-5.0759,6.2839,2.2502,-1.5102,1.7339
1230797593992,3.8271,-4.8557,6.4203,1.9998,-1.4552,1.7277
1230797594001,3.7051,-4.9706,6.2958,1.6956,-1.4454,1.6667
1230797594010,4.0234,-5.0687,6.3174,1.3755,-1.4173,1.5176
1230797594021,4.6934,-4.8127,6.8414,1.1226,-1.3135,1.3234
1230797594029,5.1312,-4.5710,7.4731,1.0688,-1.0887,1.1633
1230797594039,5.2557,-4.5734,7.8583,1.1177,-0.8370,1.0839
1230797594050,5.1049,-4.4920,8.0139,1.1177,-0.5804,0.9874
1230797594057,4.8633,-4.1259,8.0809,1.0945,-0.3410,0.8444
1230797594069,4.5067,-3.2884,8.0163,1.0090,-0.1320,0.7039
1230797594078,4.2004,-2.6472,8.1407,0.9222,0.0121,0.5793
1230797594088,4.0305,-2.3528,7.8368,0.7976,0.1025,0.4510
1230797594098,4.0114,-1.8886,7.3367,0.5814,0.1404,0.2910
1230797594107,4.0473,-1.3143,6.6548,0.3126,0.1746,0.0992
1230797594117,4.2483,-0.8813,6.4514,0.0426,0.1978,-0.1366
1230797594125,4.4852,-1.0440,6.4131,-0.1920,0.2638,-0.3626
1230797594134,4.6288,-1.7355,6.3293,-0.3654,0.3774,-0.5495
1230797594144,4.6383,-2.0633,6.4514,-0.4998,0.4861,-0.7328
1230797594154,4.5665,-2.1327,6.8629,-0.5365,0.5521,-0.9405
1230797594163,4.5450,-2.3217,7.0304,-0.5829,0.5790,-1.1127
1230797594173,4.7101,-2.5203,7.1166,-0.7479,0.6046,-1.2679
1230797594184,4.8656,-2.7405,7.2314,-1.0020,0.6547,-1.4243
1230797594193,5.0786,-3.4129,7.2554,-1.2915,0.7329,-1.5550
1230797594203,5.2509,-4.4465,6.9156,-1.5713,0.8404,-1.6540
1230797594213,5.4399,-5.3486,6.5973,-1.7619,0.9577,-1.7297
1230797594223,5.5332,-6.1311,6.5375,-1.7900,1.0506,-1.7908
1230797594232,5.5643,-6.6647,6.6021,-1.7167,1.1165,-1.8214
1230797594242,5.5117,-6.5738,6.5925,-1.7203,1.1581,-1.8384
1230797594252,5.5189,-6.4613,6.7529,-1.7851,1.2094,-1.8543
1230797594261,5.5691,-6.7317,6.7959,-1.8999,1.2912,-1.8421
1230797594271,5.4279,-6.9662,6.5423,-2.0979,1.4183,-1.8152
1230797594281,5.1887,-7.1289,6.2863,-2.2726,1.5392,-1.8042
1230797594290,5.0403,-7.2414,6.0207,-2.3898,1.6248,-1.8042
1230797594300,4.9374,-7.3897,5.7192,-2.4387,1.6969,-1.8030
1230797594309,4.7843,-7.7917,5.2932,-2.3911,1.7799,-1.7835
1230797594319,4.5929,-8.2081,4.8601,-2.2750,1.8777,-1.7517
1230797594328,4.3679,-8.4665,4.7333,-2.1259,1.9485,-1.7444
1230797594338,4.1909,-8.7249,4.9295,-1.9305,1.9754,-1.7407
1230797594348,4.0975,-8.7895,5.3219,-1.7827,1.9778,-1.7175
1230797594357,4.0784,-8.1674,5.5900,-1.7802,1.9766,-1.7053
1230797594367,4.0975,-7.5381,5.6689,-1.9122,1.9888,-1.6882
1230797594376,4.0569,-7.2103,5.3219,-2.1846,2.0084,-1.6344
1230797594386,4.1286,-7.0787,4.8434,-2.6708,2.0511,-1.5587
1230797594396,4.3631,-7.0380,4.3505,-3.2365,2.1440,-1.4976
1230797594405,4.6072,-7.9353,2.8908,-3.5884,2.3089,-1.4292
1230797594415,4.6359,-9.8400,1.1919,-3.5822,2.5081,-1.3510
1230797594423,4.5187,-11.9744,0.8833,-3.2414,2.6999,-1.2752
1230797594432,4.1191,-13.0153,1.4791,-2.6440,2.7842,-1.2288
1230797594442,3.5017,-13.0727,2.9220,-1.9073,2.7708,-1.1689
1230797594451,2.8557,-11.4240,3.4579,-1.2720,2.6388,-1.1054
1230797594465,2.5518,-9.2585,3.6589,-0.9409,2.4018,-1.0553
1230797594473,2.6618,-7.6745,3.8934,-1.0411,2.1733,-0.9808
1230797594481,3.1117,-6.4996,3.9700,-1.5921,2.0646,-0.8769
1230797594490,3.5520,-5.7746,3.5273,-2.3459,2.0890,-0.7988
1230797594499,3.7554,-5.5951,2.9100,-3.0850,2.2234,-0.7609
1230797594510,3.7171,-5.8727,2.2687,-3.7056,2.3920,-0.7328
1230797594519,3.5448,-6.6192,1.7854,-4.1308,2.5350,-0.6717
1230797594529,3.4898,-8.2057,1.2111,-4.3031,2.6584,-0.5727
1230797594540,3.4539,-10.1941,0.5219,-4.1015,2.7854,-0.5117
1230797594548,3.3893,-12.1203,0.7660,-3.5004,2.8929,-0.5190
1230797594559,3.1691,-12.9650,0.9814,-2.6293,2.9283,-0.5459
1230797594568,2.9298,-12.3835,1.4886,-1.7790,2.8868,-0.4921
1230797594577,2.8270,-10.8354,1.9337,-1.2463,2.8025,-0.3821
1230797594587,3.1213,-8.9307,2.0605,-1.1938,2.7097,-0.2746
1230797594596,3.7267,-7.2151,1.4743,-1.5126,2.6571,-0.1928
1230797594607,4.3201,-6.7843,-0.0284,-1.8499,2.7231,-0.1415
1230797594617,4.5522,-8.3923,-1.0621,-1.9794,2.8636,-0.1537
1230797594626,4.3512,-10.5794,-1.4497,-1.9598,3.0053,-0.2013
1230797594636,3.9851,-12.2639,-2.0982,-1.6727,3.0701,-0.2245
1230797594645,3.5879,-13.4507,-2.0455,-1.0594,3.0505,-0.1977
1230797594655,3.3175,-13.2832,-1.8446,-0.4449,2.9283,-0.1671
1230797594665,3.2792,-11.8212,-1.8757,-0.0368,2.7231,-0.1097
1230797594673,3.3390,-9.8639,-1.5574,0.0963,2.5081,-0.0718
1230797594684,3.4204,-7.8300,-1.0119,-0.1333,2.3150,-0.0608
1230797594693,3.4180,-7.0380,-1.0095,-0.4351,2.1806,-0.0401
1230797594702,3.2289,-8.2511,-1.8924,-0.5463,2.0927,-0.0047
1230797594712,3.0878,-10.0840,-2.1891,-0.6538,1.9852,0.0454
1230797594722,3.0016,-11.0292,-1.7153,-0.7307,1.8374,0.0919
1230797594730,3.0136,-10.7516,-0.8491,-0.6440,1.7054,0.1151
1230797594740,3.0854,-9.4763,-0.8348,-0.4778,1.6064,0.1578
1230797594749,2.8868,-8.2822,-1.2775,-0.3092,1.5686,0.2373
1230797594759,2.7217,-8.2511,-0.5070,-0.1932,1.5661,0.3240
1230797594768,2.6690,-8.4976,-0.6410,-0.3728,1.5698,0.4034
1230797594780,2.6834,-9.1054,-1.6077,-0.5365,1.5783,0.4926
1230797594790,2.7671,-10.4573,-1.9714,-0.3606,1.5527,0.5781
1230797594799,2.8509,-10.9167,-2.5098,-0.1639,1.4720,0.6441
1230797594809,2.8916,-10.5411,-2.6820,-0.0356,1.3743,0.7577
1230797594819,2.9035,-9.9046,-2.4451,0.1012,1.2754,0.9336
1230797594828,2.9442,-8.8446,-2.4404,0.0817,1.1642,1.0925
1230797594838,2.9873,-8.2057,-2.2992,0.0059,1.0408,1.2439
1230797594847,2.9251,-8.4809,-1.9929,-0.0698,0.9650,1.3906
1230797594857,2.7504,-8.5526,-1.7800,-0.2286,0.9320,1.4810
1230797594867,2.3986,-8.0765,-1.1506,-0.3325,0.9345,1.5127
1230797594876,1.6593,-7.7965,-1.1985,-0.1541,0.9516,1.5005
1230797594885,0.5992,-7.9520,-0.9640,0.1330,1.0212,1.4858
1230797594895,-0.5086,-8.0621,-0.4998,0.2869,1.0970,1.4297
1230797594905,-1.6237,-7.8779,-0.0595,0.3651,1.0860,1.3246
1230797594915,-2.3128,-7.8683,0.2994,0.4519,1.0029,1.1975
1230797594924,-2.5354,-8.0047,0.4526,0.5582,0.8649,0.9935
1230797594934,-2.4061,-8.0884,0.5531,0.5398,0.7500,0.7467
1230797594944,-2.1477,-8.0741,0.6320,0.3822,0.7060,0.5732
1230797594953,-1.9371,-8.3828,0.4238,0.2002,0.7317,0.4914
1230797594963,-2.0257,-9.1341,0.2157,0.0573,0.7696,0.3973
1230797594972,-2.3009,-9.8184,0.3880,-0.0759,0.7793,0.2495
1230797594982,-2.7483,-10.0027,0.8210,-0.2201,0.7586,0.1371
1230797594992,-3.1312,-9.6677,1.2709,-0.3618,0.6938,0.0711
1230797595000,-3.2388,-8.6914,1.0938,-0.5096,0.5643,-0.0303
1230797595009,-3.1264,-7.6362,0.6153,-0.6074,0.4202,-0.1745
1230797595019,-2.9756,-7.2031,0.2133,-0.6855,0.3126,-0.3150
1230797595030,-2.8680,-7.2079,-0.1074,-0.7894,0.2467,-0.4274
1230797595038,-2.7579,-7.5764,-0.1337,-0.8541,0.1905,-0.5068
1230797595047,-2.5617,-8.1171,0.0266,-0.7564,0.1269,-0.5630
1230797595057,-2.3822,-8.2799,0.2731,-0.5279,0.0402,-0.6180
1230797595067,-2.2602,-8.5981,0.1989,-0.1773,-0.0771,-0.6754
1230797595078,-1.9611,-9.1054,0.0434,0.0524,-0.1699,-0.6827
1230797595087,-1.5495,-9.2202,0.0362,0.0096,-0.1968,-0.6522
1230797595097,-1.1475,-9.0288,0.0099,-0.1248,-0.2298,-0.6314
1230797595107,-0.8053,-8.7967,-0.1122,-0.2628,-0.2762,-0.6375
1230797595117,-0.5230,-8.4498,-0.0308,-0.4705,-0.3031,-0.6766
1230797595125,-0.3842,-7.8061,0.1989,-0.8065,-0.3031,-0.7047
1230797595135,-0.3148,-6.8777,0.4214,-1.2304,-0.2897,-0.7291
1230797595146,-0.2071,-6.0785,0.4262,-1.6299,-0.2774,-0.7731
1230797595155,0.1063,-5.6741,-0.0858,-1.9317,-0.2249,-0.8574
1230797595165,0.4246,-6.2101,-0.4639,-1.9867,-0.1345,-0.9869
1230797595174,0.7237,-7.1839,-0.5309,-1.8560,-0.0612,-1.1482
1230797595183,0.9342,-7.6817,-1.0406,-1.5823,-0.0258,-1.2997
1230797595192,0.9486,-7.7917,-1.1004,-1.0276,-0.0172,-1.4597
1230797595203,0.8242,-7.2892,-0.4065,-0.3447,-0.0514,-1.6466
1230797595213,0.9821,-6.5809,-0.1122,0.4042,-0.1345,-1.8531
1230797595222,1.1831,-5.8009,-0.4854,1.0847,-0.2420,-2.0388
1230797595232,1.5970,-5.2194,0.7229,1.6577,-0.2994,-2.2257
1230797595241,2.2120,-4.6117,0.7660,1.9632,-0.4485,-2.4041
1230797595251,2.8054,-4.4011,-0.1744,2.2722,-0.5010,-2.6607
1230797595261,3.5041,-4.9323,-0.8300,2.6424,-0.5694,-2.8977
1230797595270,4.1574,-4.9395,-1.3803,2.6241,-0.6464,-3.0480
1230797595280,4.8417,-4.3269,-1.5766,2.1806,-0.8223,-3.1445
1230797595290,5.7701,-3.3171,-1.2990,1.4525,-1.0569,-3.2410
1230797595299,7.0096,-3.0061,-1.1100,0.7585,-1.2646,-3.3314
1230797595309,8.4525,-4.4968,-0.9018,0.3676,-1.3721,-3.3546
1230797595318,9.8451,-7.0835,-0.6673,0.1550,-1.3782,-3.3070
1230797595326,10.9003,-9.7945,-0.1959,0.1232,-1.2414,-3.2288
1230797595336,11.1731,-11.5413,0.2898,0.2625,-0.9689,-3.1530
1230797595345,10.4457,-11.6178,0.7612,0.5410,-0.6562,-3.0809
1230797595355,9.0650,-10.0697,1.0962,0.8734,-0.4729,-2.9930
1230797595367,7.8112,-8.1937,1.4982,1.1690,-0.5206,-2.9185
1230797595376,7.2561,-6.8944,1.5868,1.3816,-0.7283,-2.9026
1230797595386,7.4619,-6.4637,1.2159,1.3865,-0.9567,-2.9038
1230797595395,8.1677,-7.0308,0.8952,1.2191,-1.1033,-2.9136
1230797595405,8.9669,-8.0741,0.5578,1.0945,-1.1510,-2.9673
1230797595415,9.4527,-8.7608,0.4478,1.1348,-1.1192,-3.0785
1230797595424,9.5580,-8.8757,0.7038,1.3608,-1.0801,-3.2007
1230797595433,9.4599,-8.5502,0.7277,1.7359,-1.1204,-3.3314
1230797595443,9.6345,-7.9162,0.8785,2.0596,-1.2328,-3.4707
1230797595453,10.2327,-7.1792,0.8163,2.2270,-1.3843,-3.6148
1230797595462,11.1301,-6.7580,0.7517,2.2625,-1.5004,-3.7468
1230797595472,12.0752,-6.6336,0.6895,2.1452,-1.5089,-3.8262
1230797595482,12.6519,-6.3967,0.4837,1.8434,-1.3953,-3.8531
1230797595491,12.8529,-6.2412,0.3473,1.4867,-1.1974,-3.8506
1230797595501,12.8409,-6.3800,0.1559,1.2118,-1.0154,-3.8103
1230797595511,13.0252,-6.8896,0.4358,0.9760,-0.8639,-3.7101
1230797595518,13.2022,-7.6673,0.3688,0.7463,-0.7331,-3.5562
1230797595528,13.1041,-8.3469,0.3281,0.4848,-0.5707,-3.3387
1230797595539,12.9055,-8.5072,-0.1026,0.2845,-0.4399,-3.0773
1230797595547,12.5610,-8.0334,-0.5883,0.2026,-0.3349,-2.8024
1230797595558,12.0106,-8.0214,-0.6888,0.2503,-0.2005,-2.4945
1230797595566,11.2066,-8.7489,-0.9688,0.4103,-0.0563,-2.0584
1230797595577,10.0294,-9.9883,-0.5165,0.7170,0.0549,-1.5855
1230797595587,8.8329,-11.7877,0.1487,1.3095,0.0133,-1.2044
1230797595597,8.1941,-12.6611,-0.0858,2.0071,-0.2909,-0.9111
1230797595606,8.4764,-10.3784,-0.5333,2.3248,-0.7454,-0.7303
1230797595616,9.6034,-5.8440,1.4958,2.7231,-1.1754,-0.7377
1230797595626,10.6754,-1.9245,2.6851,3.5514,-1.4185,-0.7352
1230797595634,10.7951,1.2723,2.2280,3.9521,-1.5199,-0.6057
1230797595644,10.7257,2.3203,2.3190,3.7603,-1.5444,-0.4041
1230797595653,10.8381,0.3606,1.1178,3.4182,-1.5578,-0.2490
1230797595663,11.1994,-1.4364,-0.0739,2.6595,-1.4845,-0.1720
1230797595675,11.5512,-3.6019,0.8426,2.2893,-1.2573,-0.0498
1230797595684,11.4148,-5.7339,1.7495,2.6815,-0.9934,0.1456
1230797595693,10.9290,-6.1909,2.0438,3.1262,-0.8517,0.2849
1230797595703,10.3404,-5.6095,2.1897,3.5098,-0.8211,0.4242
1230797595712,9.9719,-5.0950,1.6920,3.8874,-0.8675,0.6099
1230797595722,9.9456,-4.7409,1.3929,4.0230,-0.8883,0.8237
1230797595732,10.1035,-4.6882,1.5198,3.9375,-0.8480,1.0277
1230797595741,10.3165,-5.2721,1.7471,3.7798,-0.7722,1.1792
1230797595751,10.5797,-5.7267,1.8093,3.5587,-0.6953,1.2733
1230797595760,10.7639,-5.7530,1.8380,3.4084,-0.6317,1.3454
1230797595770,10.8668,-5.7363,1.8811,3.4475,-0.5572,1.4370
1230797595780,10.8716,-5.6860,1.7160,3.5575,-0.4778,1.5274
1230797595789,10.8979,-5.4324,1.5389,3.5746,-0.3898,1.5885
1230797595799,10.9434,-5.0615,1.4576,3.5331,-0.2872,1.6178
1230797595809,10.9243,-4.8294,1.4456,3.4988,-0.1589,1.6312
1230797595817,10.8333,-4.7911,1.4480,3.4732,-0.0270,1.6288
1230797595827,10.7089,-4.8414,1.4863,3.4194,0.0988,1.6117
1230797595837,10.6012,-4.9108,1.4480,3.3596,0.2063,1.5787
1230797595847,10.3978,-4.5710,0.7708,3.2753,0.2968,1.5262
1230797595856,10.1825,-3.3793,0.2228,3.1030,0.3627,1.4492
1230797595866,10.0054,-2.7333,0.2803,3.0871,0.4409,1.3808
1230797595876,9.8714,-3.1855,0.0003,3.2117,0.5350,1.3673
1230797595885,9.7446,-3.3483,-0.4495,3.1311,0.6449,1.3050
1230797595895,9.5627,-3.3985,-0.2126,2.9784,0.7549,1.1658
1230797595903,9.4527,-3.8603,0.0530,2.9967,0.8331,1.0607
1230797595914,9.3785,-4.2671,0.0721,3.0578,0.8673,0.9703
1230797595924,9.3665,-4.0374,0.0482,3.0822,0.8600,0.8432
1230797595934,9.4024,-3.4631,-0.0212,3.0798,0.8319,0.7235
1230797595941,9.4455,-3.0802,-0.0164,3.0505,0.8197,0.6343
1230797595951,9.4479,-2.8984,0.0386,2.9149,0.8282,0.5549
1230797595960,9.4312,-2.7811,0.0003,2.6375,0.8563,0.4755
1230797595970,9.3976,-2.8840,-0.0475,2.3113,0.8820,0.4144
1230797595980,9.3330,-3.1855,-0.0739,1.9937,0.8832,0.3631
1230797595991,9.3330,-3.3841,-0.2988,1.6809,0.8453,0.3118
1230797596000,9.3187,-3.1472,-0.5572,1.3449,0.7903,0.2458
1230797596010,9.2756,-2.9917,-0.6122,1.0529,0.7500,0.1981
1230797596019,9.2756,-3.2166,-0.8109,0.8734,0.7183,0.1810
1230797596030,9.1799,-3.3530,-1.0142,0.6925,0.6914,0.1407
1230797596038,9.0244,-3.4200,-0.9305,0.5447,0.6572,0.0674
1230797596048,8.8640,-3.5732,-0.8061,0.4787,0.5997,0.0186
1230797596056,8.6965,-3.6426,-0.7702,0.4323,0.5252,0.0051
1230797596068,8.5267,-3.5421,-0.7845,0.3712,0.4409,-0.0266
1230797596077,8.3640,-3.3100,-0.7726,0.2588,0.3603,-0.0633
1230797596086,8.2276,-3.2310,-0.6816,0.1623,0.2882,-0.0840
1230797596096,8.1295,-3.5636,-0.6242,0.1672,0.2369,-0.0889
1230797596106,8.1653,-4.0757,-0.9329,0.2295,0.1966,-0.0865
1230797596115,8.2802,-4.2695,-1.3660,0.3578,0.1868,-0.0865
1230797596125,8.3520,-4.1092,-1.3779,0.6095,0.1807,-0.0718
1230797596135,8.4357,-3.7311,-1.1602,0.8953,0.1318,-0.0181
1230797596145,8.5984,-3.0970,-1.1243,1.0566,0.0329,0.0564
1230797596154,8.8497,-2.3409,-0.8826,1.0224,-0.0649,0.1138
1230797596164,9.0531,-2.1160,-0.6505,0.8501,-0.0991,0.1908
1230797596173,9.0387,-2.3098,-0.4089,0.6180,-0.0661,0.2531
1230797596183,8.6511,-2.8553,-0.1409,0.4751,-0.0172,0.2959
1230797596192,8.0361,-3.2430,0.0003,0.4824,-0.0148,0.3509
1230797596202,7.4068,-3.6761,0.3305,0.5875,-0.1003,0.4633
1230797596212,7.0431,-3.8771,0.7564,0.7561,-0.3141,0.5439
1230797596222,6.9283,-3.9034,1.0508,0.9528,-0.5792,0.6123
1230797596230,7.0551,-3.6115,0.8593,1.0652,-0.8309,0.7088
1230797596241,7.2226,-3.1736,0.9359,1.1030,-1.0374,0.7540
1230797596249,7.3231,-3.0563,1.3068,1.1531,-1.1974,0.7614
1230797596303,7.3518,-3.1951,1.7878,1.1531,-1.3245,0.7907
1230797596304,7.1436,-3.4487,1.9122,1.1299,-1.4650,0.8066
1230797596305,7.0599,-3.2119,1.8715,1.0908,-1.6714,0.7443
1230797596306,7.2776,-3.0180,2.0462,0.9381,-1.8657,0.7149
1230797596307,7.6652,-2.7811,1.6825,0.6913,-2.0526,0.6844
1230797596308,8.1845,-2.6065,1.5317,0.3260,-2.2004,0.6453
1230797596317,8.7444,-2.6208,1.6968,-0.1516,-2.2908,0.6172
1230797596325,9.2421,-2.8745,2.0270,-0.6660,-2.3373,0.5757
1230797596335,9.6896,-3.2525,2.5463,-1.1327,-2.3312,0.4767
1230797596346,10.0652,-3.3889,3.0224,-1.4687,-2.2994,0.2837
1230797596356,10.3978,-3.3602,3.4938,-1.5664,-2.2737,0.0405
1230797596365,10.6611,-3.6856,3.9461,-1.4430,-2.2579,-0.1512
1230797596375,10.9506,-4.2575,4.2332,-1.1913,-2.2530,-0.3260
1230797596385,11.2329,-5.0759,4.4438,-0.7870,-2.2457,-0.5165
1230797596394,11.5608,-6.1311,4.5084,-0.1785,-2.2481,-0.6998
1230797596404,11.8264,-7.0691,4.3935,0.5386,-2.2090,-0.8073
1230797596413,11.9364,-7.7510,4.3409,1.2936,-2.1137,-0.8110
1230797596422,11.7977,-7.7128,3.9365,2.0548,-2.0086,-0.7646
1230797596433,11.5560,-6.5475,3.3096,2.7206,-1.9818,-0.7242
1230797596442,11.4148,-5.1764,2.7329,3.2765,-1.9744,-0.6607
1230797596452,11.3263,-4.5686,2.0342,3.8128,-1.9353,-0.5080
1230797596461,11.3502,-4.6117,1.7590,4.2478,-1.8474,-0.2795
1230797596471,11.2664,-4.8222,1.2613,4.6094,-1.7423,-0.0230
1230797596481,11.3645,-5.1812,2.0390,5.0028,-1.6458,0.2189
1230797596490,11.9651,-6.6192,2.8239,5.5978,-1.5395,0.4144
1230797596500,12.8529,-7.3466,3.2641,6.4078,-1.4821,0.4046
1230797596509,12.4365,-5.5736,2.6922,7.6246,-1.2182,0.2678
1230797596518,10.5510,-3.6426,1.1824,8.8182,-0.8272,0.7614
1230797596527,9.2062,-1.9006,-0.2007,9.5757,-0.7197,1.4968
1230797596537,9.1895,-0.3524,-1.1865,9.8982,-0.9836,1.9000
1230797596546,10.2615,1.2340,-1.0262,9.5733,-1.2964,2.0002
1230797596556,11.5608,2.4807,-0.4663,8.6875,-1.3232,1.9758
1230797596565,12.1996,3.2894,0.3281,7.4304,-1.0728,1.9269
1230797596577,12.0632,3.4091,1.1106,6.0510,-0.7197,1.9403
1230797596586,11.3669,2.9090,1.7830,4.7328,-0.4265,1.9916
1230797596595,10.5007,2.0715,2.3884,3.5489,-0.2249,2.0051
1230797596606,9.9193,0.9325,2.6061,2.5508,-0.1382,1.9819
1230797596616,9.5412,-0.1706,2.6707,1.7298,-0.0978,1.9220
1230797596625,9.3115,-1.2115,2.8813,1.1629,-0.0905,1.8291
1230797596635,9.1297,-1.9508,2.5965,0.8025,-0.1284,1.7021
1230797596644,9.0363,-2.1327,2.1778,0.5154,-0.1675,1.5457
1230797596654,8.9406,-1.8623,1.5556,0.1758,-0.1638,1.4248
1230797596664,8.7277,-1.5441,1.1345,-0.2066,-0.1088,1.3282
1230797596673,8.3424,-1.5656,0.8641,-0.5780,-0.0160,1.2110
1230797596683,7.9356,-1.7786,0.6559,-0.9348,0.0646,1.0766
1230797596692,7.5671,-2.1949,0.5961,-1.2158,0.1111,0.9434
1230797596702,7.3111,-2.5969,0.6033,-1.3929,0.0988,0.8078
1230797596712,7.1651,-2.9702,0.6105,-1.4393,0.0463,0.6771
1230797596721,7.1412,-3.2430,0.5004,-1.3660,-0.0026,0.5585
1230797596731,7.1580,-3.5899,0.4789,-1.1596,-0.0233,0.4535
1230797596740,7.1029,-3.8005,0.3329,-0.8554,-0.0380,0.3558
1230797596750,7.0216,-3.9871,0.2563,-0.4693,-0.0587,0.2519
1230797596760,6.9570,-4.0493,0.3042,-0.0441,-0.1088,0.1371
1230797596769,6.9737,-3.9465,0.2611,0.3248,-0.1980,0.0418
1230797596779,7.0814,-3.6497,0.2396,0.5924,-0.2848,-0.0364
1230797596789,7.2704,-3.2956,0.2827,0.7573,-0.3678,-0.1134
1230797596798,7.5313,-3.0563,0.3233,0.8392,-0.4301,-0.1842
1230797596808,7.8064,-2.8769,0.4478,0.8282,-0.4632,-0.2392
1230797596817,8.0385,-2.8027,0.5124,0.7598,-0.4742,-0.2868
1230797596827,8.1941,-2.8290,0.5531,0.6803,-0.4754,-0.3296
1230797596835,8.2874,-2.9630,0.6512,0.6278,-0.4876,-0.3761
1230797596844,8.3520,-3.0922,0.8019,0.5911,-0.5279,-0.4274
1230797596854,8.4836,-3.1832,1.0819,0.5704,-0.5902,-0.4726
1230797596863,8.6822,-3.2813,1.3116,0.5679,-0.6684,-0.5055
1230797596875,8.8640,-3.3722,1.4886,0.5875,-0.7551,-0.5202
1230797596885,9.0172,-3.3435,1.6203,0.5801,-0.8113,-0.5153
1230797596894,9.0938,-3.1736,1.5820,0.5630,-0.8431,-0.5031
1230797596904,9.0938,-3.1090,1.5198,0.5313,-0.8675,-0.4836
1230797596913,9.0507,-3.0156,1.4408,0.4628,-0.9030,-0.4567
1230797596923,8.9980,-2.9534,1.3451,0.3883,-0.9359,-0.4188
1230797596933,8.9717,-2.9845,1.3594,0.3395,-0.9726,-0.3821
1230797596942,8.9645,-3.0276,1.4552,0.3199,-1.0190,-0.3565
1230797596952,9.0268,-3.1784,1.5820,0.3272,-1.0752,-0.3357
1230797596961,9.1416,-3.2860,1.7255,0.3285,-1.1278,-0.3076
1230797596971,9.1679,-3.3937,1.7351,0.3700,-1.1962,-0.2868
1230797596981,9.3259,-3.3698,1.6155,0.4616,-1.3074,-0.3003
1230797596990,9.7494,-3.0994,1.4001,0.5398,-1.4442,-0.3418
1230797596999,10.5606,-2.9654,1.3020,0.5508,-1.5603,-0.3638
1230797597012,11.6756,-3.1496,1.3475,0.4678,-1.6372,-0.3565
1230797597017,12.8002,-3.5875,1.2900,0.2906,-1.6555,-0.3553
1230797597029,13.6449,-4.0374,1.2374,0.1220,-1.5566,-0.3821
1230797597037,13.8291,-4.4131,1.3307,0.0401,-1.3049,-0.4371
1230797597047,13.1592,-4.5495,1.5556,0.0890,-0.9714,-0.5141
1230797597056,11.9436,-4.4465,1.8332,0.2173,-0.6696,-0.5984
1230797597067,10.6180,-4.1163,2.0079,0.3553,-0.5096,-0.6741
1230797597076,9.5627,-3.6378,2.1802,0.4922,-0.4986,-0.7230
1230797597085,8.9789,-3.3124,2.2137,0.6583,-0.5890,-0.7682
1230797597095,8.8616,-3.2621,2.1204,0.8379,-0.6794,-0.8061
1230797597105,8.9885,-3.3722,2.0318,0.9882,-0.6818,-0.7939
1230797597115,8.9693,-3.5325,2.0007,1.1556,-0.6024,-0.7438
1230797597123,8.7827,-3.4344,2.0677,1.3388,-0.5071,-0.6937
1230797597134,8.5027,-3.0324,2.0079,1.5270,-0.4473,-0.6558
1230797597143,8.1031,-2.6472,1.8739,1.7371,-0.4131,-0.6069
1230797597152,7.7586,-2.5155,1.7351,1.9497,-0.3960,-0.5312
1230797597161,7.5384,-2.5155,1.6418,2.0890,-0.4094,-0.4420
1230797597171,7.4858,-2.7644,1.9026,2.1501,-0.4473,-0.3553
1230797597182,7.5982,-3.2262,1.9337,2.2026,-0.5071,-0.2930
1230797597192,7.9356,-3.3746,1.6849,2.2478,-0.5853,-0.2759
1230797597201,8.4286,-3.1496,1.4958,2.2600,-0.6342,-0.2624
1230797597211,8.9119,-2.9104,1.1728,2.3040,-0.6476,-0.2270
1230797597221,9.3378,-2.7859,0.7947,2.3675,-0.6403,-0.1916
1230797597231,9.7326,-2.6591,0.4430,2.3761,-0.6085,-0.1757
1230797597240,10.0246,-2.5060,0.2755,2.3333,-0.5560,-0.1793
1230797597250,10.2710,-2.8410,0.2755,2.3419,-0.4925,-0.2062
1230797597259,10.5199,-3.6162,0.1702,2.4408,-0.4021,-0.2197
1230797597269,10.6658,-4.2503,0.0410,2.4848,-0.2640,-0.2172
1230797597279,10.6682,-4.4370,-0.0834,2.5031,-0.1296,-0.2417
1230797597288,10.5318,-4.2791,-0.1098,2.5374,-0.0172,-0.2881
1230797597298,10.4050,-3.9728,-0.1552,2.5679,0.0671,-0.3296
1230797597307,10.3978,-3.7574,-0.1361,2.5593,0.1306,-0.3565
1230797597317,10.6060,-3.7383,-0.0834,2.5044,0.1734,-0.3663
1230797597326,10.9314,-3.8531,-0.1432,2.3969,0.2063,-0.3748
1230797597336,11.3813,-4.0613,-0.1193,2.2808,0.2516,-0.3834
1230797597346,11.7474,-4.3173,-0.0954,2.1440,0.3102,-0.3785
1230797597355,12.0058,-4.5471,0.0290,2.0364,0.3786,-0.3797
1230797597365,12.1973,-4.6308,-0.0571,1.9375,0.4421,-0.3858
1230797597374,12.2930,-4.3915,-0.1792,1.7677,0.5215,-0.3712
1230797597382,12.1901,-4.0446,-0.2844,1.5282,0.6205,-0.3113
1230797597392,11.9125,-3.8292,-0.3203,1.2716,0.7195,-0.2282
1230797597402,11.4698,-3.7981,-0.2605,1.0224,0.8026,-0.1354
1230797597413,10.9769,-3.7909,-0.2773,0.7610,0.8514,-0.0254
1230797597422,10.5151,-3.6258,-0.2270,0.4934,0.8697,0.1053
1230797597432,10.0748,-3.3626,-0.1456,0.2576,0.8697,0.2531
1230797597442,9.6848,-3.1257,-0.1337,0.0719,0.8465,0.4119
1230797597451,9.3426,-2.8625,-0.0810,-0.1284,0.8197,0.5867
1230797597459,9.0818,-2.6472,0.0506,-0.3251,0.7842,0.7491
1230797597469,8.9191,-2.5443,0.1128,-0.4742,0.7402,0.8848
1230797597478,8.8497,-2.5562,0.2324,-0.5976,0.6816,1.0094
1230797597488,8.8497,-2.6543,0.3425,-0.6660,0.6034,1.1083
1230797597499,8.9957,-2.7357,0.3329,-0.6318,0.5105,1.1523
1230797597514,9.1440,-2.4151,0.1080,-0.5829,0.4324,1.1706
1230797597517,9.2349,-1.8408,0.0817,-0.5414,0.3969,1.1670
1230797597527,9.2182,-1.2473,0.0434,-0.4766,0.3603,1.1328
1230797597537,9.0220,-0.7329,-0.1313,-0.3728,0.3077,1.0680
1230797597547,8.6894,-0.5893,-0.2150,-0.2812,0.2454,1.0253
1230797597557,8.5123,-0.6515,-0.1792,-0.3215,0.1452,1.0179
1230797597566,8.7133,-0.7592,-0.0954,-0.4681,0.0329,0.9715
1230797597576,9.0291,-0.9722,-0.1026,-0.6342,-0.0600,0.8750
1230797597586,9.3043,-1.5321,-0.1792,-0.7271,-0.1259,0.7614
1230797597595,9.5005,-2.1806,-0.2509,-0.7027,-0.1846,0.6270
1230797597605,9.7135,-2.5060,-0.2438,-0.6684,-0.2383,0.4877
1230797597615,9.9241,-2.3863,-0.3466,-0.6220,-0.2836,0.3643
1230797597623,10.1442,-2.1207,-0.3801,-0.5206,-0.3178,0.2543
1230797597634,10.3596,-2.0394,-0.4137,-0.4204,-0.3385,0.1676
1230797597644,10.5247,-2.3576,-0.3227,-0.3728,-0.3349,0.0870
1230797597653,10.5486,-2.6352,-0.2557,-0.4424,-0.3031,0.0051
1230797597663,10.5773,-2.9845,-0.2342,-0.5915,-0.2445,-0.0523
1230797597672,10.5055,-3.6402,-0.0834,-0.7454,-0.1614,-0.0584
1230797597682,10.4242,-4.3437,-0.0595,-0.8566,-0.0795,-0.0474
1230797597692,10.2495,-4.7480,0.0362,-0.8835,-0.0233,-0.0486
1230797597701,10.0054,-5.0328,0.1798,-0.8114,-0.0099,-0.0352
1230797597711,9.7901,-5.0041,0.3353,-0.7149,-0.0331,-0.0071
1230797597721,9.6154,-4.7289,0.4310,-0.5719,-0.0881,0.0125
1230797597730,9.5125,-4.4513,0.5172,-0.4094,-0.1516,0.0454
1230797597740,9.4886,-4.2551,0.7014,-0.2750,-0.2176,0.1077
1230797597749,9.4670,-4.0446,0.7995,-0.2030,-0.2774,0.1774
1230797597759,9.4527,-3.8555,0.9024,-0.1358,-0.3288,0.2275
1230797597769,9.3833,-3.9465,1.1225,-0.0527,-0.3691,0.2800
1230797597776,9.3642,-4.0565,1.1130,0.0145,-0.4094,0.3399
1230797597786,9.3378,-3.9417,1.1824,0.0511,-0.4619,0.3790
1230797597796,9.3259,-3.7574,1.2948,0.1159,-0.5059,0.3961
1230797597805,9.3043,-3.7000,1.3068,0.1904,-0.5462,0.4132
1230797597817,9.3187,-3.6043,1.3331,0.2258,-0.5719,0.4254
1230797597826,9.2971,-3.5397,1.3212,0.2613,-0.5780,0.4205
1230797597835,9.2397,-3.5038,1.3570,0.3272,-0.5621,0.4046
1230797597845,9.1440,-3.5253,1.3953,0.4103,-0.5413,0.3826
1230797597855,9.0531,-3.4966,1.5102,0.5129,-0.5230,0.3558
1230797597865,8.9430,-3.3961,1.5987,0.6437,-0.5120,0.3142
1230797597874,8.8329,-3.3267,1.6657,0.8049,-0.5034,0.2715
1230797597884,8.7564,-3.3195,1.6083,0.9271,-0.4925,0.2360
1230797597893,8.6559,-3.3459,1.5293,1.0151,-0.4766,0.1872
1230797597903,8.5338,-3.3985,1.4719,1.1079,-0.4680,0.1114
1230797597913,8.5099,-3.3171,1.5317,1.1568,-0.4595,0.0271
1230797597922,8.5291,-3.1664,1.5461,1.1507,-0.4473,-0.0474
1230797597932,8.5769,-2.9319,1.5915,1.1226,-0.4192,-0.1122
1230797597941,8.6128,-2.6663,1.4934,1.0676,-0.3801,-0.1806
1230797597950,8.6774,-2.4677,1.6011,1.0273,-0.3288,-0.2441
1230797597961,8.7492,-2.6854,1.6537,1.0175,-0.2652,-0.2966
1230797597970,8.8282,-3.2286,1.3786,1.0627,-0.1919,-0.3553
1230797597980,8.8545,-3.9465,1.2374,1.2106,-0.1101,-0.4408
1230797597990,8.8593,-4.4561,1.2877,1.4378,-0.0502,-0.5532
1230797597999,8.8425,-4.8270,1.1632,1.7005,-0.0380,-0.6619
1230797598007,8.9645,-4.8892,1.1441,1.9839,-0.0624,-0.7792
1230797598020,9.2589,-4.3030,1.3594,2.0963,-0.0551,-0.8965
1230797598026,9.5340,-3.3793,1.5198,2.0352,0.0133,-0.9661
1230797598039,9.5795,-2.9750,1.5317,1.9521,0.1416,-0.9832
1230797598046,9.5245,-3.1975,1.4073,1.8849,0.2540,-1.0003
1230797598054,9.4718,-3.4057,1.0723,1.7738,0.3041,-1.0382
1230797598066,9.5747,-3.2190,0.8713,1.6320,0.3090,-1.0859
1230797598075,9.8714,-2.8314,0.7349,1.5111,0.2564,-1.1311
1230797598085,10.4194,-2.4533,0.8163,1.3413,0.1770,-1.1848
1230797598093,11.1540,-2.3528,1.0292,1.0835,0.1086,-1.2349
1230797598103,11.8407,-2.5778,1.2518,0.7280,0.0964,-1.2398
1230797598112,12.2116,-2.9702,1.3068,0.3615,0.1685,-1.2251
1230797598122,12.0441,-3.3506,1.5174,0.0438,0.3090,-1.2007
1230797598133,11.3119,-3.5995,1.7088,-0.2298,0.4690,-1.1494
1230797598143,10.2734,-3.5612,1.7040,-0.4583,0.5692,-1.0798
1230797598153,9.2708,-3.3889,1.6179,-0.6379,0.5729,-1.0016
1230797598162,8.4860,-3.1640,1.4671,-0.8138,0.5020,-0.8904
1230797598172,8.0170,-2.9343,1.3882,-1.0105,0.3896,-0.7682
1230797598182,7.8854,-2.8218,1.5150,-1.2170,0.2735,-0.6607
1230797598190,7.9643,-2.9223,1.5269,-1.3636,0.1917,-0.5666
1230797598201,7.9907,-3.0779,1.4719,-1.4064,0.1501,-0.4701
1230797598209,7.8973,-3.1736,1.5413,-1.3367,0.1196,-0.3626
1230797598220,7.7921,-3.2693,1.6585,-1.1584,0.0805,-0.2636
1230797598230,7.6605,-3.3052,1.8332,-0.8688,0.0280,-0.2050
1230797598239,7.5169,-3.3315,2.0270,-0.5255,-0.0343,-0.1586
1230797598249,7.4738,-3.4559,2.0725,-0.1541,-0.1174,-0.1146
1230797598259,7.5241,-3.4607,2.0390,0.1550,-0.2017,-0.0743
1230797598268,7.6341,-3.1568,2.1084,0.4079,-0.2677,-0.0242
1230797598278,7.7729,-2.8314,2.0222,0.6791,-0.3116,0.0100
1230797598287,7.9356,-2.3600,1.8619,0.8514,-0.3312,0.0247
1230797598297,8.0864,-1.8719,1.7040,0.8807,-0.3226,0.0295
1230797598307,8.2419,-1.5728,1.6179,0.8037,-0.2872,0.0247
1230797598316,8.4142,-1.3096,1.5939,0.6315,-0.2371,0.0100
1230797598326,8.5769,-1.0942,1.4384,0.4421,-0.1870,-0.0083
1230797598335,8.7803,-1.2617,1.3140,0.2698,-0.1492,-0.0120
1230797598345,9.0674,-1.7833,1.3810,0.0817,-0.1113,-0.0095
1230797598355,9.4024,-2.3720,1.7471,-0.0918,-0.0966,-0.0388
1230797598362,9.7350,-3.0396,2.0629,-0.1590,-0.1076,-0.0889
1230797598374,10.3572,-3.4464,2.1658,-0.1529,-0.1308,-0.1317
1230797598383,10.8644,-2.7261,2.0246,-0.1419,-0.1492,-0.1989
1230797598393,10.9147,-2.4414,2.0486,-0.0441,-0.1333,-0.2148
1230797598401,10.9960,-2.9487,2.0342,0.0560,-0.1528,-0.1451
1230797598412,11.3215,-3.2789,1.8739,0.0695,-0.1956,-0.0889
1230797598421,11.7139,-3.5516,1.9816,0.0365,-0.2139,-0.0498
1230797598430,12.0178,-3.8364,2.1395,0.0438,-0.1785,-0.0010
1230797598440,12.0920,-4.0900,2.3309,0.0829,-0.1186,0.0613
1230797598451,12.0991,-4.1594,2.6946,0.1232,-0.0685,0.1505
1230797598460,12.0417,-4.1331,2.8645,0.2100,-0.0624,0.2409
1230797598470,11.9651,-3.8651,2.8693,0.3260,-0.0563,0.3387
1230797598480,11.8742,-3.3459,2.9913,0.4152,-0.0135,0.4706
1230797598489,11.6301,-2.6663,3.2091,0.4653,0.0817,0.5977
1230797598499,11.2832,-2.0226,3.5489,0.5069,0.1831,0.6820
1230797598508,11.0008,-1.5919,4.0705,0.5508,0.2406,0.7027
1230797598517,10.7663,-1.1851,4.9535,0.5801,0.3029,0.7174
1230797598526,10.3811,-0.8382,5.5541,0.6437,0.4043,0.7858
1230797598537,9.6417,-0.7185,6.1044,1.0627,0.4715,0.8383
1230797598545,9.1297,-0.4745,5.8986,1.6357,0.4030,0.8786
1230797598556,9.1057,0.2577,4.8506,2.0987,0.2418,0.8603
1230797598566,9.3163,1.0665,3.9676,2.4555,0.1489,0.8823
1230797598576,9.4981,1.8729,3.6661,2.5752,0.1306,0.9336
1230797598584,9.5077,2.0978,3.7881,2.3969,0.1563,0.9850
1230797598595,9.4622,1.7748,3.5800,2.0218,0.2015,0.9935
1230797598603,9.4216,1.2388,3.2976,1.6076,0.2393,0.9715
1230797598614,9.3857,0.7985,2.8549,1.2655,0.2552,0.9593
1230797598624,9.3809,0.8655,2.4554,0.9845,0.2369,0.9422
1230797598632,9.2636,1.2340,2.1539,0.7109,0.2125,0.8970
1230797598643,9.0124,1.1790,2.1443,0.4225,0.2063,0.8469
1230797598653,8.8688,0.6669,1.9768,0.1220,0.1892,0.7944
1230797598662,8.6798,0.2123,1.7925,-0.0991,0.1575,0.7039
1230797598672,8.5649,-0.2735,1.7758,-0.2079,0.1184,0.6221
1230797598682,8.4908,-0.6396,1.7662,-0.2262,0.0561,0.5476
1230797598689,8.4286,-1.0224,1.7590,-0.1871,-0.0050,0.4657
1230797598699,8.3807,-1.3766,1.7255,-0.1150,-0.0514,0.3961
1230797598708,8.3472,-1.6876,1.6322,-0.0319,-0.0978,0.3301
1230797598718,8.3089,-1.9197,1.6155,0.0560,-0.1443,0.2654
1230797598727,8.3233,-2.0585,1.5724,0.1489,-0.1907,0.2177
1230797598739,8.3544,-2.0585,1.7064,0.2368,-0.2200,0.1798
1230797598749,8.3448,-2.0226,1.7638,0.3175,-0.2408,0.1627
1230797598758,8.3496,-1.9245,1.7734,0.3822,-0.2579,0.1590
1230797598768,8.3568,-1.7355,1.8500,0.4360,-0.2713,0.1603
1230797598778,8.3879,-1.5991,1.9935,0.4763,-0.2836,0.1737
1230797598787,8.3711,-1.5297,2.1227,0.4983,-0.2884,0.2104
1230797598797,8.4070,-1.5488,2.1969,0.4983,-0.3043,0.2311
1230797598806,8.5338,-1.6733,2.2807,0.4568,-0.3239,0.2373
1230797598816,8.4884,-1.7857,2.3381,0.3627,-0.3202,0.2568
1230797598826,8.4046,-1.8599,2.4075,0.2246,-0.3202,0.2580
1230797598835,8.4381,-1.9748,2.2831,0.0756,-0.3459,0.2519
1230797598845,8.5219,-2.0848,2.1395,-0.1162,-0.3666,0.2495
1230797598854,8.6989,-2.2619,2.1012,-0.3313,-0.3666,0.2263
1230797598864,8.8473,-2.5466,2.2663,-0.4840,-0.3532,0.1798
1230797598874,8.9071,-2.7716,2.2376,-0.5499,-0.3336,0.1493
1230797598883,8.9047,-2.7979,2.1993,-0.5499,-0.3251,0.1481
1230797598893,8.9382,-2.7453,2.1491,-0.5108,-0.3263,0.1615
1230797598902,8.9574,-2.7572,2.2280,-0.4913,-0.3288,0.1713
1230797598911,9.0363,-2.8218,2.2711,-0.4815,-0.3422,0.1603
1230797598922,9.1871,-3.2119,2.3118,-0.4815,-0.3483,0.1530
1230797598931,9.2708,-3.5875,2.3381,-0.4937,-0.3373,0.1737
1230797598941,9.2780,-3.6210,2.3525,-0.5047,-0.3178,0.1749
1230797598951,9.2732,-3.3602,2.2807,-0.4656,-0.3031,0.1468
1230797598960,9.1823,-3.0563,2.3644,-0.3972,-0.2738,0.1444
1230797598970,9.0650,-2.8457,2.4290,-0.3569,-0.2664,0.1493
1230797598979,9.0938,-2.9869,2.5176,-0.3545,-0.2836,0.1432
1230797598989,9.2014,-3.3411,2.7114,-0.3435,-0.2994,0.1138
1230797598997,9.3163,-3.4846,2.7569,-0.2934,-0.3031,0.0723
1230797599007,9.3737,-3.3602,2.8286,-0.2323,-0.3031,0.0393
1230797599016,9.3354,-2.9845,2.8789,-0.1907,-0.2994,0.0063
1230797599026,9.2636,-2.8027,2.8454,-0.1639,-0.2970,-0.0181
1230797599035,9.2804,-2.8003,2.7760,-0.1700,-0.3055,-0.0425
1230797599049,9.5627,-2.8194,2.7616,-0.1761,-0.3410,-0.0828
1230797599054,10.0102,-2.7931,2.8669,-0.1810,-0.3776,-0.1354
1230797599065,10.4290,-2.8577,2.8956,-0.1480,-0.3788,-0.1561
1230797599075,10.5510,-3.0372,3.0009,-0.0967,-0.3251,-0.1451
1230797599085,10.2878,-2.9989,3.0368,-0.0380,-0.2445,-0.1488
1230797599092,9.8092,-2.9869,3.2234,0.0279,-0.1712,-0.1512
1230797599102,9.2708,-2.9558,3.3383,0.0646,-0.1455,-0.1500
1230797599114,9.0148,-2.8410,3.3838,0.0499,-0.1626,-0.1476
1230797599122,9.0052,-2.6711,3.3072,-0.0148,-0.2005,-0.1500
1230797599133,9.1440,-2.5921,3.1469,-0.0661,-0.2273,-0.1451
1230797599142,9.4024,-2.7477,2.8980,-0.1101,-0.2481,-0.1317
1230797599152,9.8451,-3.1808,2.7401,-0.0832,-0.2542,-0.1158
1230797599162,10.2854,-3.7000,2.8693,0.0695,-0.2310,-0.1097
1230797599172,10.5079,-3.8866,3.0847,0.3407,-0.1614,-0.1158
1230797599180,10.3572,-3.6521,3.1086,0.6938,-0.1003,-0.1280
1230797599190,9.9911,-2.9391,2.9028,0.9858,-0.0893,-0.1464
1230797599200,9.7422,-2.0944,2.5415,1.1421,-0.1394,-0.1842
1230797599208,9.8092,-1.6111,2.0031,1.1556,-0.2383,-0.2062
1230797599219,10.2543,-1.5656,1.7471,1.0358,-0.3398,-0.2013
1230797599229,10.8692,-1.7977,1.2326,0.8856,-0.4155,-0.2087
1230797599239,11.3598,-1.9724,0.8880,0.7536,-0.4399,-0.2270
1230797599248,11.5895,-1.8958,0.8498,0.6278,-0.4082,-0.2233
1230797599258,11.4650,-1.7857,0.7110,0.5093,-0.3569,-0.1891
1230797599267,11.1923,-1.8647,0.6751,0.3895,-0.3141,-0.1464
1230797599277,10.8333,-2.0394,0.4430,0.2625,-0.2799,-0.1085
1230797599287,10.4385,-2.2212,0.2013,0.1892,-0.2689,-0.0999
1230797599296,10.0676,-2.3887,-0.0116,0.1880,-0.2738,-0.0999
1230797599305,9.7996,-2.2475,0.0219,0.2026,-0.2982,-0.1024
1230797599314,9.6273,-2.0298,0.1630,0.1977,-0.3251,-0.0914
1230797599324,9.5484,-1.8815,0.1822,0.1904,-0.3593,-0.0902
1230797599333,9.4670,-1.8264,0.1271,0.1892,-0.3825,-0.0840
1230797599343,9.3618,-1.9078,0.0841,0.2039,-0.3923,-0.0731
1230797599354,9.2325,-1.9987,0.0577,0.2564,-0.3972,-0.0621
1230797599364,9.1727,-2.1207,0.1032,0.3236,-0.4069,-0.0608
1230797599373,9.1273,-2.0753,0.1535,0.4005,-0.4179,-0.0584
1230797599383,9.0842,-1.8695,0.1295,0.4482,-0.4253,-0.0535
1230797599392,9.1464,-1.6661,0.0553,0.4848,-0.4424,-0.0572
1230797599402,9.2254,-1.5297,0.0577,0.5032,-0.4485,-0.0523
1230797599412,9.2636,-1.5919,-0.0404,0.5081,-0.4460,-0.0450
1230797599421,9.2086,-1.6948,-0.0834,0.5007,-0.4460,-0.0425
1230797599431,9.1368,-1.9891,0.0530,0.4910,-0.4228,-0.0340
1230797599440,9.0961,-1.9532,0.0410,0.5410,-0.4424,-0.0596
1230797599450,8.9957,-1.3311,-0.1887,0.6987,-0.4912,-0.1378
1230797599460,8.8042,-0.9267,-0.1169,0.8489,-0.4790,-0.1219
1230797599469,8.6631,-0.7425,-0.0978,0.8807,-0.4766,-0.0327
1230797599478,8.6056,-0.8023,-0.0404,0.8074,-0.4851,0.0235
1230797599489,8.6654,-1.0200,0.0721,0.7060,-0.4937,0.0479
1230797599497,8.8904,-1.2545,0.1774,0.5936,-0.5047,0.0540
1230797599507,9.2134,-1.2737,0.2109,0.4690,-0.5132,0.0369
1230797599516,9.5915,-1.1995,0.1678,0.3272,-0.5132,0.0003
1230797599525,9.8882,-1.3837,0.1247,0.1929,-0.4961,-0.0303
1230797599535,10.1657,-1.7738,-0.0236,0.0976,-0.4619,-0.0633
1230797599544,10.3643,-2.0250,-0.2677,0.0524,-0.4521,-0.1207
1230797599557,10.6515,-2.1542,-0.2844,0.0353,-0.4387,-0.1757
1230797599565,11.0224,-2.2954,-0.3969,0.0450,-0.4277,-0.2404
1230797599575,11.4268,-2.4366,-0.4854,0.0487,-0.3984,-0.3150
1230797599585,11.7043,-2.4557,-0.5452,0.0011,-0.3361,-0.3821
1230797599592,11.7785,-2.4127,-0.5979,-0.0808,-0.2322,-0.4237
1230797599603,11.6134,-2.4749,-0.6338,-0.1736,-0.1174,-0.4481
1230797599612,11.3263,-2.5610,-0.6649,-0.2922,-0.0184,-0.4567
1230797599621,11.0296,-2.4294,-0.5070,-0.4595,0.0768,-0.4616
1230797599631,10.6395,-2.3552,-0.3538,-0.6281,0.1636,-0.4432
1230797599641,10.2471,-2.3265,-0.3179,-0.7979,0.2198,-0.3993
1230797599650,9.8834,-2.4031,-0.2773,-0.9458,0.2516,-0.3394
1230797599659,9.5484,-2.4701,-0.2461,-1.0472,0.2601,-0.2661
1230797599671,9.3067,-2.6065,-0.2725,-1.1083,0.2369,-0.1818
1230797599681,9.2230,-2.7189,-0.2916,-1.1608,0.1783,-0.1024
1230797599690,9.3618,-2.6328,-0.2485,-1.2170,0.1184,-0.0413
1230797599700,9.5699,-2.5514,-0.1504,-1.2097,0.0781,-0.0010
1230797599710,9.7135,-2.5012,-0.0308,-1.1498,0.0622,0.0332
1230797599719,9.6728,-2.3863,0.0362,-1.0569,0.0646,0.0772
1230797599728,9.6154,-2.2356,-0.0452,-0.9128,0.0512,0.0980
1230797599738,9.6848,-2.1566,-0.1409,-0.7723,0.0182,0.1090
1230797599748,9.9265,-1.9269,-0.2629,-0.7039,0.0048,0.1114
1230797599758,10.2615,-1.7546,-0.6553,-0.6855,0.0280,0.0906
1230797599767,10.4720,-1.8479,-0.4352,-0.7808,0.1404,0.0454
1230797599777,10.2399,-1.6900,-0.0858,-0.8102,0.2601,-0.0779
1230797599786,9.7637,-1.7068,0.2970,-0.6000,0.3187,-0.1525
1230797599796,9.5269,-1.7187,0.2898,-0.4559,0.2833,-0.1158
1230797599806,9.7542,-1.3526,0.1271,-0.5487,0.2234,-0.1256
1230797599815,10.1586,-1.0559,-0.1456,-0.7527,0.2137,-0.1989
1230797599825,10.3954,-1.3359,-0.2725,-1.0399,0.2894,-0.2380
1230797599833,10.3739,-1.8575,-0.3754,-1.3270,0.3957,-0.2600
1230797599844,10.1945,-2.3074,-0.4352,-1.4992,0.4690,-0.2979
1230797599854,10.1346,-2.5778,-0.4328,-1.5737,0.4861,-0.3101
1230797599863,10.2830,-2.6902,-0.6434,-1.5835,0.4776,-0.3186
1230797599873,10.5247,-2.6830,-0.7534,-1.5860,0.4825,-0.3321
1230797599882,10.6563,-2.6783,-0.7774,-1.5823,0.5215,-0.3382
1230797599892,10.6347,-2.7333,-0.7845,-1.5688,0.5716,-0.3345
1230797599902,10.5079,-2.7907,-0.8372,-1.5676,0.6132,-0.3162
1230797599910,10.4242,-2.7142,-0.7893,-1.5762,0.6376,-0.2979
1230797599920,10.3500,-2.6065,-0.7606,-1.5823,0.6449,-0.2905
1230797599929,10.3404,-2.5251,-0.7558,-1.5786,0.6352,-0.2783
1230797599938,10.3835,-2.4485,-0.8372,-1.5860,0.6217,-0.2612
1230797599948,10.4314,-2.3504,-0.8659,-1.6251,0.6217,-0.2526
1230797599957,10.3978,-2.3385,-0.8922,-1.6629,0.6291,-0.2514
1230797599968,10.2950,-2.4079,-0.8372,-1.6752,0.6340,-0.2539
1230797599979,10.2160,-2.4677,-0.8755,-1.6593,0.6217,-0.2649
1230797599988,10.2088,-2.4940,-0.9066,-1.6092,0.5973,-0.2844
1230797599998,10.2519,-2.5682,-0.8874,-1.5432,0.5655,-0.3076
1230797600007,10.3428,-2.6017,-0.8396,-1.4638,0.5411,-0.3357
1230797600017,10.3356,-2.6830,-0.7271,-1.3929,0.5264,-0.3589
1230797600024,10.2854,-2.7046,-0.6362,-1.3233,0.5118,-0.3809
1230797600034,10.2423,-2.6663,-0.5835,-1.2561,0.4935,-0.4164
1230797600044,10.2280,-2.7309,-0.4352,-1.1987,0.4751,-0.4408
1230797600055,10.2615,-2.8434,-0.2773,-1.1596,0.4470,-0.4579
1230797600064,10.2567,-2.9295,-0.1432,-1.1266,0.4214,-0.4811
1230797600074,10.1466,-2.9175,-0.0667,-1.0936,0.4067,-0.4909
1230797600082,9.9863,-2.7644,0.0649,-1.0875,0.3933,-0.4884
1230797600094,9.8284,-2.6615,0.1798,-1.0875,0.3774,-0.4799
1230797600102,9.6776,-2.5514,0.3042,-1.1217,0.3578,-0.4554
1230797600112,9.5627,-2.6496,0.4717,-1.1645,0.3358,-0.4261
1230797600121,9.4694,-2.7931,0.5626,-1.1694,0.3090,-0.3944
1230797600132,9.4144,-2.8003,0.6631,-1.1864,0.2821,-0.3614
1230797600141,9.3570,-2.7285,0.7301,-1.1828,0.2552,-0.3308
1230797600152,9.2660,-2.7118,0.8402,-1.1498,0.2296,-0.2954
1230797600160,9.1847,-2.7788,0.9263,-1.1034,0.2100,-0.2551
1230797600171,9.1105,-2.7644,0.9742,-1.0569,0.1868,-0.2184
1230797600180,9.0579,-2.6567,0.9790,-1.0008,0.1636,-0.1940
1230797600189,8.9765,-2.5395,0.9814,-0.9201,0.1404,-0.1696
1230797600199,8.9957,-2.5084,1.0412,-0.8456,0.1208,-0.1415
1230797600207,9.0148,-2.5706,1.1106,-0.7870,0.1062,-0.1256
1230797600219,9.0052,-2.6280,1.1656,-0.7417,0.1086,-0.1268
1230797600227,8.9813,-2.4031,1.1249,-0.6587,0.1159,-0.1586
1230797600236,8.7731,-2.0202,1.0244,-0.4876,0.1184,-0.1879
1230797600247,8.5721,-1.6805,1.1345,-0.3056,0.1062,-0.1622
1230797600256,8.5554,-1.5512,1.0579,-0.2127,0.0683,-0.1146
1230797600266,8.7516,-1.5824,1.1058,-0.2286,0.0451,-0.0926
1230797600277,8.9765,-1.6589,1.1393,-0.3056,0.0451,-0.0889
1230797600286,9.1392,-1.7116,1.1225,-0.3838,0.0573,-0.0999
1230797600296,9.2469,-1.7044,1.1417,-0.4351,0.0720,-0.1024
1230797600305,9.3689,-1.7044,1.0867,-0.4925,0.0854,-0.0950
1230797600315,9.5101,-1.7139,1.0220,-0.5621,0.0964,-0.0902
1230797600325,9.6680,-1.8001,0.9981,-0.5915,0.1098,-0.0828
1230797600334,9.8068,-1.9197,0.9909,-0.6000,0.1208,-0.0706
1230797600343,9.9312,-1.9389,0.9933,-0.5854,0.1294,-0.0608
1230797600354,10.0317,-1.8551,0.9407,-0.5463,0.1416,-0.0401
1230797600363,10.1466,-1.7211,0.9120,-0.5255,0.1636,-0.0047
1230797600373,10.1299,-1.6374,1.0053,-0.5133,0.2002,0.0332
1230797600382,10.0700,-1.7905,1.2374,-0.4754,0.2357,0.0699
1230797600392,10.0868,-1.8695,1.3810,-0.4009,0.2528,0.0943
1230797600402,10.1442,-1.7570,1.4504,-0.2922,0.2662,0.1175
1230797600411,10.1155,-1.6924,1.7734,-0.1272,0.3004,0.1346
1230797600421,10.0126,-1.4603,1.9864,0.0462,0.3224,0.1334
1230797600430,9.8092,-1.1923,2.3118,0.2381,0.3310,0.1261
1230797600440,9.6513,-0.9171,2.6085,0.4433,0.3090,0.1236
1230797600450,9.6441,-0.6611,2.8358,0.6302,0.2576,0.1065
1230797600459,9.7685,-0.3237,3.0488,0.7695,0.1966,0.0845
1230797600469,9.8978,0.0974,3.1971,0.8514,0.1489,0.0735
1230797600479,9.9863,0.4372,3.3335,0.8343,0.1208,0.0711
1230797600488,10.0581,0.8129,3.4173,0.7365,0.1074,0.0601
1230797600497,10.1059,1.1000,3.5441,0.5667,0.1172,0.0479
1230797600507,10.0916,1.2436,3.5943,0.3639,0.1355,0.0271
1230797600516,10.0581,1.2460,3.6709,0.1660,0.1575,0.0027
1230797600526,10.0270,1.1957,3.6302,-0.0209,0.1709,-0.0169
1230797600534,10.0485,1.1455,3.4986,-0.1724,0.1843,-0.0388
1230797600548,10.0054,1.0928,3.4221,-0.3044,0.2039,-0.0596
1230797600553,9.9767,0.9780,3.3096,-0.4461,0.2271,-0.0779
1230797600563,9.9791,0.7483,3.2258,-0.5780,0.2540,-0.1036
1230797600573,9.9145,0.4420,3.1636,-0.6855,0.2845,-0.1317
1230797600582,9.7590,0.1788,3.0512,-0.7527,0.3053,-0.1525
1230797600592,9.5460,0.1764,2.9196,-0.7894,0.2955,-0.1757
1230797600602,9.4048,0.2195,2.6898,-0.8004,0.2674,-0.1818
1230797600612,9.3929,0.1596,2.3740,-0.8407,0.2357,-0.1830
1230797600622,9.3330,-0.0366,2.1993,-0.8896,0.2222,-0.1903
1230797600632,9.2924,-0.2663,2.0151,-0.9421,0.2088,-0.1891
1230797600642,9.2301,-0.4912,1.8906,-0.9519,0.1941,-0.1928
1230797600651,9.2206,-0.6444,1.7949,-0.9262,0.1685,-0.1916
1230797600661,9.2613,-0.7688,1.7255,-0.9030,0.1367,-0.1855
1230797600670,9.2541,-0.8789,1.6442,-0.8810,0.1098,-0.1769
1230797600680,9.2971,-1.0368,1.5126,-0.8627,0.0903,-0.1696
1230797600690,9.3426,-1.2162,1.4886,-0.8541,0.0768,-0.1598
1230797600699,9.3259,-1.4747,1.4863,-0.8370,0.0671,-0.1476
1230797600708,9.3642,-1.6541,1.4121,-0.8175,0.0512,-0.1415
1230797600719,9.4144,-1.7642,1.3666,-0.7845,0.0329,-0.1415
1230797600728,9.4024,-1.9197,1.3259,-0.7442,0.0255,-0.1293
1230797600738,9.3570,-2.0944,1.3810,-0.6990,0.0219,-0.1012
1230797600747,9.3833,-2.2093,1.3786,-0.6538,0.0133,-0.0865
1230797600756,9.2708,-2.2475,1.4719,-0.5915,0.0097,-0.0889
1230797600767,9.1823,-2.2834,1.6035,-0.5206,0.0060,-0.0608
1230797600776,9.1392,-2.3313,1.6011,-0.4277,-0.0233,-0.0462
1230797600786,9.1967,-2.3385,1.6346,-0.3471,-0.0539,-0.0364
1230797600795,9.3067,-2.2452,1.6729,-0.2592,-0.0832,-0.0217
1230797600805,9.4192,-2.2093,1.7160,-0.1724,-0.1040,-0.0059
1230797600814,9.4790,-2.1064,1.7351,-0.0991,-0.1137,0.0137
1230797600824,9.5029,-2.0800,1.7973,-0.0478,-0.1162,0.0405
1230797600834,9.5436,-2.0226,1.8308,0.0011,-0.1149,0.0613
1230797600842,9.6082,-2.0035,1.8954,0.0438,-0.1149,0.0784
1230797600851,9.6944,-1.9437,1.9959,0.0902,-0.1137,0.0943
1230797600861,9.7614,-1.7881,2.0103,0.1330,-0.1113,0.1065
1230797600870,9.8595,-1.6111,2.0725,0.1684,-0.1052,0.1126
1230797600882,9.9648,-1.4388,2.0773,0.1623,-0.0905,0.1212
1230797600892,10.0006,-1.2976,2.0988,0.1208,-0.0587,0.1285
1230797600901,9.9767,-1.2378,2.1060,0.0841,-0.0245,0.1285
1230797600911,9.9839,-1.1899,2.1467,0.0548,0.0035,0.1236
1230797600920,9.9719,-1.1612,2.1634,0.0365,0.0243,0.1138
1230797600930,9.9791,-1.1205,2.1539,0.0438,0.0378,0.1004
1230797600939,9.9312,-1.0200,2.1778,0.0646,0.0573,0.0858
1230797600949,9.8834,-0.8836,2.2089,0.0915,0.0756,0.0686
1230797600959,9.8092,-0.7855,2.2209,0.1061,0.0854,0.0528
1230797600968,9.7733,-0.6922,2.2161,0.1134,0.0964,0.0332
1230797600978,9.7398,-0.6539,2.1730,0.1196,0.0976,0.0137
1230797600987,9.7398,-0.6539,2.1180,0.1110,0.1001,0.0051
1230797600997,9.7374,-0.6300,2.0318,0.0829,0.0988,-0.0022
1230797601006,9.7972,-0.6133,1.9457,0.0511,0.0939,-0.0132
1230797601016,9.8738,-0.5893,1.8476,0.0084,0.0891,-0.0205
1230797601027,9.9097,-0.6803,1.7638,-0.0209,0.0842,-0.0230
1230797601034,9.8690,-0.7449,1.6681,-0.0454,0.0793,-0.0156
1230797601045,9.8164,-0.7257,1.5365,-0.0612,0.0707,-0.0107
1230797601053,9.7805,-0.7688,1.4719,-0.0784,0.0549,-0.0071
1230797601063,9.8236,-0.8310,1.3451,-0.0979,0.0267,-0.0083
1230797601074,9.8284,-0.8669,1.1824,-0.1089,-0.0001,-0.0107
1230797601082,9.8786,-1.0176,1.1441,-0.0942,-0.0233,-0.0059
1230797601092,9.8666,-1.0679,1.1417,-0.0857,-0.0465,0.0003
1230797601102,9.8164,-1.0822,1.0962,-0.0906,-0.0661,0.0027
1230797601112,9.7398,-1.1014,1.1154,-0.0869,-0.0771,0.0076
1230797601120,9.6561,-1.1780,1.1130,-0.0710,-0.0930,0.0149
1230797601131,9.6082,-1.2282,1.1178,-0.0515,-0.1137,0.0235
1230797601141,9.5699,-1.2641,1.1369,-0.0393,-0.1382,0.0320
1230797601149,9.5675,-1.3383,1.1728,-0.0124,-0.1602,0.0357
1230797601158,9.6226,-1.3239,1.2231,0.0096,-0.1797,0.0405
1230797601168,9.6967,-1.3263,1.2661,0.0316,-0.1956,0.0430
1230797601178,9.8092,-1.3718,1.3355,0.0573,-0.2090,0.0430
1230797601187,9.9384,-1.3742,1.4193,0.0841,-0.2176,0.0393
1230797601199,10.0652,-1.3311,1.4408,0.1073,-0.2249,0.0295
1230797601207,10.2351,-1.3024,1.5198,0.1269,-0.2163,0.0186
1230797601218,10.4050,-1.3813,1.6537,0.1354,-0.1968,0.0051
1230797601228,10.5630,-1.4555,1.7973,0.1586,-0.1724,-0.0193
1230797601237,10.6491,-1.4220,1.8882,0.1929,-0.1382,-0.0327
1230797601247,10.5845,-1.3239,1.9074,0.1977,-0.0893,-0.0266
1230797601257,10.4146,-1.2258,1.9840,0.1721,-0.0282,-0.0169
1230797601264,10.1801,-1.2378,2.0462,0.1232,0.0316,-0.0095
1230797601324,9.9815,-1.3502,2.0725,0.0695,0.0744,-0.0022
1230797601325,9.8188,-1.4053,2.0079,0.0181,0.1025,0.0039
1230797601325,9.7781,-1.3718,1.9457,-0.0161,0.1257,0.0235
1230797601326,9.7255,-1.2785,1.8978,-0.0393,0.1611,0.0491
1230797601327,9.5915,-1.3000,1.9289,-0.0771,0.2076,0.0662
1230797601327,9.4383,-1.2713,1.8763,-0.1113,0.2381,0.0625
1230797601333,9.3115,-1.1229,1.8165,-0.1113,0.2430,0.0540
1230797601342,9.2732,-0.9291,1.7662,-0.1089,0.2381,0.0552
1230797601352,9.3642,-0.7903,1.6203,-0.1309,0.2259,0.0479
1230797601362,9.4886,-0.8477,1.5174,-0.1614,0.2198,0.0369
1230797601372,9.5484,-0.9315,1.4001,-0.1871,0.2283,0.0271
1230797601381,9.5699,-0.9674,1.3451,-0.2017,0.2381,0.0125
1230797601391,9.5580,-0.9602,1.2326,-0.1969,0.2283,-0.0034
1230797601400,9.6058,-0.9650,1.1895,-0.2005,0.2063,-0.0083
1230797601410,9.6513,-1.0057,1.1680,-0.2127,0.1807,-0.0120
1230797601420,9.7087,-1.0392,1.1297,-0.2225,0.1538,-0.0279
1230797601429,9.6848,-1.1636,1.1513,-0.2323,0.1379,-0.0291
1230797601439,9.6920,-1.2785,1.2278,-0.2396,0.1245,-0.0217
1230797601449,9.6417,-1.3431,1.2805,-0.2237,0.0915,-0.0181
1230797601456,9.5580,-1.3861,1.3140,-0.1932,0.0585,-0.0107
1230797601466,9.5005,-1.3622,1.3451,-0.1578,0.0243,0.0015
1230797601476,9.4407,-1.2880,1.3834,-0.1223,-0.0111,0.0088
1230797601486,9.4120,-1.2617,1.4576,-0.0906,-0.0441,0.0149
1230797601497,9.3402,-1.2402,1.5868,-0.0661,-0.0710,0.0161
1230797601506,9.3139,-1.2450,1.7255,-0.0405,-0.1040,0.0149
1230797601514,9.3354,-1.1899,1.8236,-0.0258,-0.1394,0.0137
1230797601527,9.3857,-1.1899,1.8691,-0.0185,-0.1797,0.0198
1230797601534,9.4814,-1.1540,1.8930,-0.0417,-0.2041,0.0247
1230797601544,9.6082,-1.2186,1.8667,-0.0820,-0.2286,0.0283
1230797601553,9.7303,-1.3191,1.8524,-0.1272,-0.2432,0.0332
1230797601564,9.8762,-1.4364,1.8189,-0.1810,-0.2481,0.0405
1230797601573,10.0126,-1.5225,1.7638,-0.2482,-0.2469,0.0491
1230797601583,10.2327,-1.6493,1.7471,-0.2860,-0.2555,0.0528
1230797601592,10.5510,-1.8216,1.7925,-0.3129,-0.2603,0.0503
1230797601602,10.8740,-1.9772,1.8595,-0.3154,-0.2518,0.0491
1230797601612,11.1372,-2.1494,1.8380,-0.3129,-0.2225,0.0564
1230797601621,11.2425,-2.2595,1.9002,-0.2970,-0.1565,0.0723
1230797601631,11.0798,-2.4438,1.9481,-0.2982,-0.0649,0.1065
1230797601640,10.6778,-2.4988,1.9864,-0.2909,0.0341,0.1407
1230797601651,10.1945,-2.4462,1.9840,-0.2750,0.1025,0.1676
1230797601660,9.7398,-2.4581,2.0294,-0.2457,0.1501,0.2079
1230797601670,9.3761,-2.5060,1.9840,-0.2115,0.1709,0.2458
1230797601679,9.1033,-2.5754,1.9433,-0.1541,0.1734,0.2715
1230797601689,8.8999,-2.5419,1.9241,-0.0796,0.1636,0.2959
1230797601699,8.8473,-2.3481,1.8763,-0.0002,0.1416,0.3118
1230797601708,8.9071,-2.0585,1.9074,0.0731,0.1233,0.3142
1230797601717,9.0698,-1.7044,1.8069,0.1525,0.1062,0.3057
1230797601727,9.2373,-1.4699,1.7638,0.2185,0.1208,0.2922
1230797601737,9.3235,-1.4196,1.7878,0.2747,0.1538,0.2715
1230797601746,9.3235,-1.4914,1.8093,0.3566,0.1917,0.2360
1230797601756,9.3091,-1.5201,1.8021,0.4531,0.2039,0.1823
1230797601764,9.3402,-1.4627,1.7662,0.5508,0.1868,0.1248
1230797601773,9.4622,-1.2880,1.5676,0.6486,0.1526,0.0760
1230797601783,9.6465,-1.0631,1.4193,0.6987,0.1184,0.0369
1230797601793,9.8020,-0.9387,1.1824,0.6962,0.0976,0.0039
1230797601803,9.9504,-0.9554,1.0819,0.6131,0.0817,-0.0132
1230797601814,10.0150,-0.9794,1.2542,0.4348,0.0829,-0.0156
1230797601823,10.0341,-0.9506,1.2877,0.2124,0.0768,-0.0193
1230797601833,10.0461,-1.1492,1.2924,0.0438,0.0646,-0.0156
1230797601842,10.0294,-1.5201,1.2542,-0.0784,0.0414,0.0051
1230797601852,9.9958,-1.7403,1.1871,-0.1602,0.0072,0.0295
1230797601862,9.9193,-1.8862,1.1704,-0.1859,-0.0258,0.0503
1230797601872,9.8523,-1.9126,1.2542,-0.1834,-0.0563,0.0748
1230797601881,9.8379,-1.8958,1.2422,-0.1700,-0.0869,0.0870
1230797601891,9.8571,-1.8958,1.3355,-0.1297,-0.1113,0.0894
1230797601900,9.8714,-1.8575,1.3953,-0.0820,-0.1223,0.0882
1230797601910,9.8714,-1.8073,1.5293,-0.0234,-0.1186,0.0748
1230797601920,9.7949,-1.7235,1.6609,0.0866,-0.1137,0.0528
1230797601929,9.7470,-1.6182,1.7662,0.2087,-0.1162,0.0405
1230797601938,9.7350,-1.3718,1.8332,0.2710,-0.1198,0.0332
1230797601949,9.7685,-1.1253,1.8619,0.2796,-0.1113,0.0235
1230797601958,9.8451,-1.0464,1.9074,0.2295,-0.0930,0.0149
1230797601968,9.9097,-1.0918,1.8667,0.1354,-0.0612,0.0161
1230797601977,9.9336,-1.1995,1.7949,0.0206,-0.0209,0.0210
1230797601987,9.8666,-1.3957,1.8739,-0.0893,0.0243,0.0344
1230797601996,9.8403,-1.5991,1.8787,-0.2103,0.0549,0.0540
1230797602006,9.8188,-1.8264,1.8284,-0.2995,0.0671,0.0613
1230797602015,9.7925,-2.0346,1.8021,-0.3459,0.0683,0.0748
1230797602023,9.7949,-2.0872,1.7590,-0.3850,0.0683,0.0919
1230797602033,9.8140,-2.1088,1.6537,-0.4155,0.0646,0.1004
1230797602045,9.8236,-2.1662,1.5915,-0.4229,0.0610,0.1102
1230797602052,9.7925,-2.2404,1.5413,-0.4168,0.0646,0.1236
1230797602063,9.7949,-2.2643,1.4958,-0.3752,0.0671,0.1285
1230797602072,9.7422,-2.2499,1.4958,-0.2909,0.0671,0.1285
1230797602081,9.7087,-2.1949,1.5772,-0.1920,0.0707,0.1285
1230797602091,9.6704,-2.0753,1.6322,-0.0796,0.0671,0.1187
1230797602101,9.6250,-1.8671,1.6992,0.0218,0.0597,0.1053
1230797602110,9.5699,-1.6948,1.7925,0.0902,0.0512,0.0943
1230797602121,9.5771,-1.5154,1.8356,0.1171,0.0463,0.0821
1230797602131,9.6034,-1.4101,1.8404,0.1049,0.0426,0.0662
1230797602141,9.6106,-1.4292,1.8404,0.0817,0.0451,0.0528
1230797602150,9.6417,-1.5273,1.8476,0.0536,0.0426,0.0393
1230797602160,9.6465,-1.6063,1.8524,0.0389,0.0402,0.0235
1230797602169,9.6680,-1.6565,1.7662,0.0328,0.0365,0.0112
1230797602179,9.6513,-1.6900,1.7662,0.0267,0.0365,0.0039
1230797602188,9.6848,-1.7570,1.7255,0.0194,0.0329,-0.0010
1230797602198,9.6752,-1.8503,1.6992,0.0108,0.0267,-0.0095
1230797602206,9.7279,-1.8934,1.6801,0.0108,0.0219,-0.0132
1230797602217,9.7422,-1.9149,1.6083,0.0084,0.0194,-0.0169
1230797602227,9.7566,-1.9461,1.5509,-0.0002,0.0157,-0.0169
1230797602236,9.7590,-1.9700,1.5341,-0.0051,0.0170,-0.0181
1230797602246,9.7446,-1.9843,1.5078,-0.0002,0.0170,-0.0193
1230797602256,9.7279,-1.9843,1.4982,-0.0075,0.0133,-0.0193
1230797602265,9.7111,-2.0346,1.4886,-0.0161,0.0133,-0.0120
1230797602275,9.7063,-2.0800,1.4647,-0.0221,0.0133,-0.0047
1230797602285,9.6944,-2.0824,1.4767,-0.0356,0.0121,-0.0010
1230797602294,9.6896,-2.0896,1.4863,-0.0368,0.0109,0.0039
1230797602304,9.6633,-2.0872,1.4886,-0.0405,0.0072,0.0112
1230797602314,9.7183,-2.0513,1.5868,-0.0625,-0.0013,0.0161
1230797602322,9.7590,-2.1183,1.5078,-0.0796,-0.0013,0.0198
1230797602333,9.7829,-2.1973,1.5269,-0.0845,-0.0038,0.0222
1230797602342,9.7398,-2.2284,1.4934,-0.0808,-0.0013,0.0235
1230797602352,9.6704,-2.2284,1.5413,-0.0600,0.0023,0.0283
1230797602362,9.6178,-2.2188,1.5868,-0.0319,-0.0013,0.0320
1230797602371,9.5939,-2.1829,1.6107,-0.0136,-0.0135,0.0332
1230797602379,9.6250,-2.1351,1.6466,0.0011,-0.0209,0.0344
1230797602389,9.6226,-2.0513,1.6729,0.0181,-0.0258,0.0357
1230797602398,9.6321,-1.9652,1.7207,0.0255,-0.0270,0.0344
1230797602408,9.6226,-1.8815,1.7471,0.0291,-0.0258,0.0332
1230797602417,9.6082,-1.8910,1.7590,0.0316,-0.0245,0.0332
1230797602429,9.6106,-1.8791,1.7925,0.0414,-0.0258,0.0283
1230797602438,9.6106,-1.8384,1.7854,0.0450,-0.0294,0.0247
1230797602448,9.6273,-1.8097,1.7925,0.0609,-0.0282,0.0210
1230797602458,9.6297,-1.8097,1.8428,0.0646,-0.0245,0.0186
1230797602467,9.6513,-1.7905,1.8404,0.0621,-0.0233,0.0173
1230797602477,9.6728,-1.7881,1.8284,0.0634,-0.0184,0.0125
1230797602486,9.6920,-1.8264,1.8284,0.0585,-0.0123,0.0100
1230797602495,9.6944,-1.8360,1.8069,0.0511,-0.0087,0.0076
1230797602506,9.7039,-1.8240,1.8141,0.0511,-0.0050,0.0051
1230797602515,9.7063,-1.8384,1.7854,0.0475,-0.0038,0.0051
1230797602524,9.6991,-1.8791,1.7495,0.0389,0.0011,0.0039
1230797602536,9.6967,-1.8886,1.6992,0.0353,0.0060,0.0003
1230797602542,9.6824,-1.8695,1.6825,0.0267,0.0072,-0.0034
1230797602552,9.6920,-1.8599,1.6537,0.0218,0.0048,-0.0034
1230797602561,9.7255,-1.8815,1.6179,0.0206,0.0023,-0.0034
1230797602572,9.7494,-1.9149,1.5796,0.0230,0.0035,-0.0034
1230797602582,9.7350,-1.9126,1.6035,0.0243,0.0048,-0.0034
1230797602592,9.6944,-1.9245,1.5987,0.0230,0.0072,-0.0047
1230797602601,9.6872,-1.9221,1.6011,0.0243,0.0048,-0.0034
1230797602611,9.6752,-1.9078,1.5604,0.0121,0.0011,0.0003
1230797602621,9.6656,-1.9508,1.5628,-0.0002,0.0023,-0.0010
1230797602631,9.6561,-2.0011,1.5748,-0.0112,0.0011,0.0003
1230797602640,9.6609,-1.9724,1.5868,-0.0185,-0.0001,0.0039
1230797602650,9.6297,-1.9963,1.5820,-0.0112,-0.0013,0.0088
1230797602660,9.6010,-2.0107,1.5820,-0.0063,-0.0013,0.0125
1230797602667,9.6130,-1.9939,1.6011,-0.0087,-0.0075,0.0137
1230797602677,9.6273,-1.9700,1.5963,-0.0136,-0.0075,0.0161
1230797602686,9.6297,-2.0011,1.6083,-0.0197,-0.0050,0.0198
1230797602696,9.6250,-2.0178,1.6155,-0.0283,-0.0050,0.0210
1230797602705,9.6202,-2.0250,1.6250,-0.0393,-0.0026,0.0259
1230797602717,9.6010,-2.0537,1.6322,-0.0490,-0.0013,0.0308
1230797602727,9.5843,-2.0681,1.6729,-0.0515,-0.0038,0.0320
1230797602736,9.5986,-2.0705,1.6585,-0.0527,-0.0087,0.0332
1230797602746,9.6273,-2.0657,1.6897,-0.0539,-0.0135,0.0332
1230797602756,9.6417,-2.1064,1.7112,-0.0502,-0.0148,0.0344
1230797602765,9.6226,-2.0920,1.7351,-0.0564,-0.0099,0.0357
1230797602775,9.6106,-2.0944,1.7638,-0.0478,-0.0087,0.0332
1230797602784,9.5867,-2.1112,1.7806,-0.0429,-0.0075,0.0308
1230797602794,9.5843,-2.0848,1.8021,-0.0356,-0.0135,0.0295
1230797602803,9.6202,-2.0681,1.7973,-0.0307,-0.0172,0.0271
1230797602813,9.6513,-2.0848,1.8117,-0.0221,-0.0197,0.0222
1230797602822,9.6991,-2.1183,1.8045,-0.0112,-0.0135,0.0173
1230797602833,9.6967,-2.1399,1.8117,0.0011,-0.0123,0.0149
1230797602841,9.6800,-2.1375,1.8069,0.0096,-0.0111,0.0137
1230797602851,9.6633,-2.1040,1.8117,0.0243,-0.0099,0.0149
1230797602861,9.6465,-2.0896,1.7925,0.0230,-0.0099,0.0173
1230797602871,9.6633,-2.0490,1.7925,0.0279,-0.0075,0.0173
1230797602881,9.6369,-2.0107,1.7806,0.0328,-0.0075,0.0186
1230797602890,9.6585,-1.9437,1.7471,0.0291,-0.0099,0.0173
1230797602900,9.6752,-1.9413,1.7112,0.0108,-0.0099,0.0173
1230797602909,9.6848,-1.9149,1.6968,0.0023,-0.0026,0.0161
1230797602918,9.6728,-1.9030,1.6825,-0.0112,0.0011,0.0173
1230797602928,9.6417,-1.9054,1.6729,-0.0173,0.0048,0.0173
1230797602938,9.6393,-1.9054,1.6274,-0.0209,0.0072,0.0173
1230797602948,9.6130,-1.9484,1.6035,-0.0258,0.0097,0.0149
1230797602955,9.6273,-1.9700,1.6083,-0.0331,0.0072,0.0112
1230797602965,9.6489,-1.9724,1.5868,-0.0331,0.0048,0.0076
1230797602975,9.6393,-1.9652,1.5987,-0.0319,0.0048,0.0112
1230797602985,9.6226,-1.9317,1.5509,-0.0405,0.0048,0.0112
1230797602996,9.6297,-1.9508,1.5509,-0.0551,0.0060,0.0149
1230797603006,9.6465,-1.9891,1.5485,-0.0710,0.0084,0.0173
1230797603014,9.6321,-1.9891,1.5700,-0.0808,0.0109,0.0161
1230797603023,9.6321,-1.9939,1.5987,-0.0857,0.0109,0.0161
1230797603032,9.6273,-2.0130,1.6083,-0.0954,0.0072,0.0161
1230797603043,9.6680,-2.0394,1.6585,-0.1016,0.0084,0.0137
1230797603051,9.6561,-2.0585,1.6849,-0.1113,0.0121,0.0125
1230797603062,9.6585,-2.0968,1.6897,-0.1089,0.0145,0.0088
1230797603071,9.6656,-2.1375,1.6992,-0.1052,0.0133,0.0039
1230797603081,9.6680,-2.1494,1.7447,-0.1040,0.0121,0.0051
1230797603091,9.6537,-2.1470,1.7447,-0.0942,0.0133,0.0051
1230797603100,9.6537,-2.1734,1.7638,-0.0893,0.0121,0.0027
1230797603110,9.6656,-2.1494,1.7495,-0.0808,0.0060,-0.0034
1230797603120,9.6273,-2.0346,1.8476,-0.0857,-0.0013,-0.0022
1230797603130,9.6872,-1.9676,1.7854,-0.1248,0.0011,0.0076
1230797603140,9.7111,-1.9987,1.7399,-0.1529,-0.0038,0.0027
1230797603150,9.7303,-2.1518,1.7375,-0.1675,0.0035,-0.0010
1230797603159,9.7207,-2.2667,1.7207,-0.1724,0.0121,0.0063
1230797603169,9.6704,-2.2882,1.7112,-0.1407,0.0194,0.0039
1230797603178,9.6273,-2.2380,1.7447,-0.1052,0.0133,-0.0010
1230797603187,9.6058,-2.2117,1.7136,-0.0808,0.0035,0.0003
1230797603197,9.6130,-2.2188,1.7040,-0.0600,0.0011,0.0003
1230797603205,9.6010,-2.2093,1.6873,-0.0466,-0.0026,-0.0022
1230797603216,9.6202,-2.2164,1.6442,-0.0331,-0.0075,-0.0059
1230797603226,9.6393,-2.2021,1.6490,-0.0173,-0.0123,-0.0083
1230797603236,9.6824,-2.1949,1.6203,-0.0112,-0.0209,-0.0095
1230797603246,9.7279,-2.2212,1.6442,-0.0002,-0.0221,-0.0095
1230797603255,9.7374,-2.1997,1.6203,0.0145,-0.0233,-0.0095
1230797603263,9.7374,-2.2045,1.6466,0.0291,-0.0245,-0.0107
1230797603272,9.7446,-2.1973,1.6514,0.0365,-0.0245,-0.0144
1230797603282,9.7446,-2.1566,1.6490,0.0328,-0.0270,-0.0169
1230797603292,9.7350,-2.1662,1.6729,0.0279,-0.0258,-0.0217
1230797603301,9.7159,-2.1758,1.6633,0.0328,-0.0245,-0.0217
1230797603313,9.6776,-2.1686,1.6442,0.0426,-0.0245,-0.0205
1230797603322,9.6776,-2.1327,1.6442,0.0560,-0.0258,-0.0205
1230797603332,9.6441,-2.0920,1.6514,0.0682,-0.0245,-0.0230
1230797603342,9.6178,-2.0681,1.6442,0.0878,-0.0270,-0.0279
1230797603351,9.6130,-2.0298,1.6657,0.1086,-0.0307,-0.0303
1230797603361,9.6202,-1.9939,1.6633,0.1086,-0.0319,-0.0315
1230797603370,9.6345,-1.9484,1.6801,0.1086,-0.0343,-0.0315
1230797603380,9.5986,-1.9341,1.6346,0.1000,-0.0319,-0.0340
1230797603390,9.6178,-1.9700,1.6059,0.0915,-0.0331,-0.0352
1230797603399,9.6465,-2.0011,1.6346,0.0878,-0.0380,-0.0388
1230797603409,9.6944,-2.0322,1.6059,0.0841,-0.0478,-0.0437
1230797603419,9.7279,-2.1040,1.6418,0.0817,-0.0478,-0.0462
1230797603428,9.7303,-2.1638,1.6274,0.0976,-0.0465,-0.0474
1230797603437,9.6824,-2.0968,1.6657,0.1000,-0.0368,-0.0486
1230797603447,9.6010,-2.0777,1.7136,0.0963,-0.0307,-0.0462
1230797603457,9.5795,-2.1064,1.7184,0.0951,-0.0307,-0.0425
1230797603466,9.6417,-2.1160,1.7016,0.0841,-0.0343,-0.0376
1230797603476,9.6728,-2.1136,1.6825,0.0695,-0.0331,-0.0315
1230797603485,9.7231,-2.0968,1.6992,0.0560,-0.0245,-0.0254
1230797603495,9.7350,-2.0705,1.6968,0.0585,-0.0160,-0.0217
1230797603505,9.7350,-2.0657,1.7088,0.0560,-0.0135,-0.0169
1230797603514,9.7422,-2.0202,1.6920,0.0499,-0.0123,-0.0156
1230797603523,9.7255,-2.0226,1.7016,0.0524,-0.0050,-0.0144
1230797603535,9.7087,-2.0202,1.7088,0.0450,0.0035,-0.0107
1230797603541,9.6967,-2.0083,1.7016,0.0475,0.0121,-0.0095
1230797603552,9.6896,-1.9987,1.6849,0.0499,0.0170,-0.0071
1230797603561,9.7087,-1.9700,1.6179,0.0450,0.0219,0.0003
1230797603570,9.7183,-1.9126,1.6250,0.0389,0.0243,0.0088
1230797603580,9.7159,-1.8647,1.5652,0.0353,0.0341,0.0137
1230797603593,9.7063,-1.8599,1.5413,0.0230,0.0402,0.0186
1230797603601,9.7015,-1.8168,1.5054,0.0059,0.0463,0.0271
1230797603610,9.7015,-1.8025,1.4934,-0.0051,0.0475,0.0295
1230797603620,9.7231,-1.7498,1.4839,-0.0161,0.0463,0.0320
1230797603630,9.7494,-1.6900,1.5078,-0.0270,0.0475,0.0344
1230797603640,9.7039,-1.6350,1.4599,-0.0307,0.0524,0.0344
1230797603649,9.6800,-1.6996,1.4480,-0.0637,0.0610,0.0479
1230797603659,9.6800,-1.6757,1.4408,-0.1028,0.0658,0.0479
1230797603668,9.6321,-1.6254,1.4623,-0.1174,0.0683,0.0369
1230797603678,9.6082,-1.6493,1.4791,-0.1223,0.0732,0.0369
1230797603688,9.5532,-1.6852,1.4743,-0.1358,0.0695,0.0405
1230797603697,9.5316,-1.7259,1.4910,-0.1516,0.0646,0.0381
1230797603707,9.5412,-1.7355,1.4863,-0.1724,0.0610,0.0283
1230797603716,9.5364,-1.7690,1.5269,-0.1773,0.0561,0.0247
1230797603726,9.5604,-1.8240,1.5724,-0.1871,0.0488,0.0173
1230797603736,9.5747,-1.8958,1.6227,-0.1907,0.0451,0.0125
1230797603745,9.5675,-1.9461,1.6227,-0.1969,0.0414,0.0063
1230797603755,9.6130,-1.9772,1.6203,-0.2079,0.0378,-0.0034
1230797603764,9.6106,-2.0346,1.6561,-0.2127,0.0390,-0.0107
1230797603774,9.6082,-2.1088,1.6825,-0.2213,0.0353,-0.0156
1230797603784,9.5651,-2.1829,1.7112,-0.2213,0.0378,-0.0217
1230797603793,9.5436,-2.2188,1.7184,-0.2176,0.0329,-0.0254
1230797603803,9.5460,-2.2715,1.7375,-0.2042,0.0267,-0.0242
1230797603812,9.5269,-2.3193,1.7614,-0.1981,0.0182,-0.0181
1230797603822,9.5556,-2.3074,1.7375,-0.2005,0.0121,-0.0181
1230797603832,9.5747,-2.2954,1.8356,-0.1871,0.0060,-0.0132
1230797603841,9.6034,-2.2787,1.7590,-0.1969,0.0109,-0.0071
1230797603850,9.5627,-2.3074,1.7758,-0.1920,0.0121,-0.0034
1230797603859,9.5364,-2.3241,1.7758,-0.1834,0.0157,-0.0010
1230797603868,9.5508,-2.3337,1.7686,-0.1785,0.0121,0.0027
1230797603878,9.5436,-2.3313,1.7279,-0.1626,0.0072,0.0039
1230797603887,9.5269,-2.3313,1.7016,-0.1431,0.0060,0.0063
1230797603898,9.5029,-2.3026,1.6992,-0.1248,0.0011,0.0100
1230797603909,9.5125,-2.3026,1.6825,-0.1064,-0.0026,0.0137
1230797603918,9.5580,-2.2930,1.6705,-0.0881,-0.0099,0.0137
1230797603928,9.5891,-2.3050,1.6681,-0.0686,-0.0160,0.0125
1230797603937,9.6273,-2.3098,1.6897,-0.0466,-0.0197,0.0088
1230797603947,9.6273,-2.3265,1.6944,-0.0283,-0.0209,0.0100
1230797603957,9.6369,-2.2811,1.6729,-0.0185,-0.0221,0.0112
1230797603966,9.6585,-2.2691,1.6537,-0.0038,-0.0221,0.0112
1230797603976,9.6561,-2.2547,1.6537,0.0023,-0.0221,0.0112
1230797603985,9.6513,-2.2021,1.6514,0.0023,-0.0197,0.0125
1230797603995,9.6273,-2.1638,1.6466,0.0011,-0.0184,0.0112
1230797604005,9.6417,-2.1231,1.6825,0.0059,-0.0184,0.0125
1230797604013,9.6417,-2.0848,1.6633,0.0011,-0.0172,0.0137
1230797604024,9.6202,-2.0418,1.6585,0.0133,-0.0184,0.0112
1230797604031,9.6034,-2.0130,1.6537,0.0218,-0.0197,0.0076
1230797604041,9.6130,-1.9987,1.6609,0.0181,-0.0221,0.0051
1230797604051,9.6441,-2.0059,1.6753,0.0157,-0.0233,0.0039
1230797604061,9.6656,-2.0154,1.6490,0.0084,-0.0245,0.0027
1230797604071,9.6728,-2.0059,1.6274,-0.0075,-0.0184,0.0027
1230797604080,9.6680,-2.0346,1.6466,-0.0161,-0.0087,0.0027
1230797604091,9.6321,-2.0824,1.6394,-0.0221,-0.0038,0.0039
1230797604101,9.6250,-2.0968,1.6633,-0.0173,-0.0087,0.0027
1230797604110,9.6417,-2.0920,1.6777,-0.0136,-0.0160,0.0003
1230797604118,9.6800,-2.1207,1.6466,-0.0087,-0.0160,0.0015
1230797604129,9.6561,-2.1423,1.6873,-0.0173,-0.0111,0.0063
1230797604139,9.6178,-2.1710,1.7184,-0.0136,-0.0062,0.0051
1230797604149,9.5915,-2.1614,1.7112,-0.0124,-0.0075,0.0039
1230797604158,9.6130,-2.1351,1.6944,-0.0038,-0.0087,0.0051
1230797604166,9.6513,-2.1016,1.6777,-0.0209,-0.0123,0.0027
1230797604176,9.6776,-2.1758,1.6490,-0.0307,-0.0075,0.0015
1230797604185,9.6776,-2.2404,1.6418,-0.0380,0.0035,0.0039
1230797604195,9.6393,-2.2523,1.6561,-0.0344,0.0097,0.0051
1230797604205,9.6130,-2.2452,1.6729,-0.0246,0.0084,0.0051
1230797604216,9.6489,-2.2452,1.6514,-0.0148,-0.0001,0.0063
1230797604226,9.6896,-2.2858,1.6250,-0.0026,-0.0075,0.0039
1230797604235,9.7135,-2.2547,1.6490,0.0023,-0.0013,0.0063
1230797604243,9.6848,-2.2380,1.6298,-0.0014,0.0048,0.0076
1230797604254,9.6680,-2.2308,1.6298,0.0011,0.0048,0.0063
1230797604264,9.6752,-2.2212,1.6155,-0.0002,0.0048,0.0100
1230797604274,9.6824,-2.1877,1.6322,0.0023,0.0048,0.0112
1230797604283,9.6441,-2.1638,1.6370,0.0059,0.0060,0.0100
1230797604293,9.6417,-2.1279,1.6657,0.0218,0.0035,0.0100
1230797604302,9.6202,-2.0848,1.6514,0.0194,0.0023,0.0112
1230797604312,9.6250,-2.0442,1.6466,0.0194,0.0011,0.0088
1230797604322,9.6489,-2.0561,1.6729,0.0243,-0.0001,0.0051
1230797604331,9.6489,-2.0800,1.6633,0.0206,-0.0001,0.0039
1230797604340,9.6441,-2.0681,1.6729,0.0157,0.0011,0.0015
1230797604350,9.6178,-2.0848,1.6418,0.0255,0.0023,-0.0022
1230797604360,9.5843,-2.0777,1.6609,0.0230,0.0035,-0.0034
1230797604370,9.5939,-2.1088,1.6633,0.0218,0.0048,-0.0047
1230797604379,9.6250,-2.1207,1.6370,0.0181,-0.0026,-0.0095
1230797604389,9.6489,-2.1494,1.6442,0.0206,-0.0062,-0.0132
1230797604399,9.6561,-2.1494,1.6442,0.0181,-0.0062,-0.0120
1230797604408,9.6680,-2.1447,1.6155,0.0243,-0.0062,-0.0120
1230797604417,9.6513,-2.1447,1.6274,0.0243,-0.0050,-0.0120
1230797604427,9.6297,-2.1638,1.6394,0.0206,-0.0050,-0.0120
1230797604437,9.6369,-2.1494,1.6585,0.0267,-0.0026,-0.0132
1230797604445,9.6537,-2.1351,1.6657,0.0291,-0.0038,-0.0144
1230797604454,9.6226,-2.1542,1.6394,0.0291,-0.0075,-0.0144
1230797604464,9.6393,-2.1686,1.6633,0.0279,-0.0087,-0.0132
1230797604473,9.6800,-2.2021,1.6418,0.0304,-0.0099,-0.0156
1230797604484,9.6800,-2.2045,1.6394,0.0377,-0.0087,-0.0144
1230797604493,9.6609,-2.2117,1.6322,0.0401,-0.0075,-0.0120
1230797604502,9.6489,-2.1973,1.6466,0.0328,-0.0050,-0.0095
1230797604513,9.6226,-2.1901,1.6561,0.0340,-0.0038,-0.0059
1230797604522,9.5986,-2.1877,1.6490,0.0389,-0.0062,-0.0034
1230797604532,9.5891,-2.1638,1.6609,0.0377,-0.0099,-0.0022
1230797604541,9.6034,-2.1447,1.6203,0.0487,-0.0135,0.0003
1230797604552,9.6393,-2.1183,1.6514,0.0462,-0.0135,0.0015
1230797604560,9.6297,-2.1112,1.6466,0.0450,-0.0135,0.0027
1230797604571,9.6154,-2.1112,1.6274,0.0450,-0.0099,0.0051
1230797604580,9.5675,-2.0753,1.6609,0.0475,-0.0075,0.0027
1230797604591,9.5604,-2.1064,1.6825,0.0462,-0.0099,0.0015
1230797604600,9.5556,-2.0777,1.6825,0.0499,-0.0123,0.0015
1230797604609,9.5484,-2.0800,1.6442,0.0475,-0.0135,0.0027
1230797604619,9.5939,-2.0705,1.6035,0.0450,-0.0160,-0.0010
1230797604629,9.6345,-2.0872,1.6131,0.0340,-0.0148,-0.0010
1230797604639,9.6680,-2.0920,1.6131,0.0365,-0.0087,0.0003
1230797604649,9.6944,-2.1064,1.6274,0.0389,-0.0087,-0.0034
1230797604658,9.6991,-2.1183,1.6442,0.0414,-0.0062,-0.0047
1230797604668,9.6824,-2.0824,1.6753,0.0438,-0.0013,-0.0047
1230797604677,9.6704,-2.0466,1.6729,0.0426,-0.0001,-0.0034
1230797604687,9.6609,-2.0130,1.6561,0.0267,-0.0001,-0.0022
1230797604696,9.6656,-2.0346,1.6203,0.0011,0.0084,0.0051
1230797604706,9.6465,-2.0394,1.6179,-0.0136,0.0170,0.0100
1230797604716,9.6273,-2.0346,1.6203,-0.0221,0.0219,0.0112
1230797604725,9.6010,-2.0059,1.6011,-0.0221,0.0231,0.0112
1230797604735,9.5939,-1.9867,1.5987,-0.0148,0.0206,0.0125
1230797604744,9.5795,-1.9508,1.5868,-0.0148,0.0145,0.0088
1230797604754,9.5771,-1.9843,1.5915,-0.0124,0.0145,0.0076
1230797604762,9.5723,-2.0226,1.5796,-0.0148,0.0170,0.0063
1230797604771,9.5771,-2.0322,1.5915,-0.0087,0.0170,0.0051
1230797604781,9.5771,-2.0442,1.5963,-0.0087,0.0157,0.0039
1230797604790,9.5795,-2.0609,1.5868,-0.0148,0.0121,0.0027
1230797604800,9.6250,-2.1112,1.5963,-0.0246,0.0133,0.0027
1230797604812,9.6465,-2.1399,1.5915,-0.0393,0.0121,0.0039
1230797604822,9.7111,-2.2093,1.6179,-0.0417,0.0109,0.0003
1230797604831,9.7279,-2.2428,1.6155,-0.0417,0.0072,0.0015
1230797604841,9.7135,-2.2332,1.6346,-0.0417,0.0133,0.0015
1230797604850,9.7255,-2.2236,1.6490,-0.0331,0.0157,0.0015
1230797604860,9.7542,-2.2188,1.6370,-0.0368,0.0121,0.0027
1230797604870,9.7925,-2.2475,1.6227,-0.0441,0.0109,0.0003
1230797604879,9.8427,-2.2595,1.5724,-0.0490,0.0109,0.0027
1230797604889,9.8834,-2.2595,1.5245,-0.0478,0.0097,0.0051
1230797604899,9.8930,-2.2547,1.4839,-0.0380,0.0133,0.0027
1230797604908,9.9169,-2.2308,1.4216,-0.0344,0.0157,0.0088
1230797604917,9.9097,-2.2236,1.4001,-0.0368,0.0109,0.0125
1230797604927,9.9360,-2.1949,1.3786,-0.0429,0.0048,0.0137
1230797604936,9.9552,-2.1853,1.3379,-0.0393,-0.0038,0.0161
1230797604946,9.9504,-2.1638,1.3068,-0.0466,-0.0123,0.0186
1230797604956,9.9193,-2.1088,1.1919,-0.0588,-0.0197,0.0161
1230797604966,9.8834,-2.1016,1.1297,-0.0515,-0.0294,0.0088
1230797604975,9.7972,-2.0729,0.9766,-0.0454,-0.0404,0.0088
1230797604985,9.7063,-2.0944,0.9598,-0.0307,-0.0539,0.0039
1230797604994,9.6633,-2.0824,0.8904,0.0206,-0.0856,-0.0071
1230797605004,9.7183,-2.0298,0.8546,0.0878,-0.1345,-0.0205
1230797605014,9.8427,-1.8767,0.7397,0.1440,-0.1760,-0.0340
1230797605022,9.9719,-1.7187,0.6823,0.1855,-0.2041,-0.0450
1230797605033,9.9958,-1.5010,0.6990,0.2087,-0.2139,-0.0560
1230797605040,9.9552,-1.3191,0.7134,0.1929,-0.2188,-0.0706
1230797605050,9.9121,-1.2091,0.6918,0.1623,-0.2225,-0.0902
1230797605061,9.8212,-1.1947,0.7086,0.1293,-0.2273,-0.1012
1230797605070,9.7637,-1.0846,0.6775,0.1012,-0.2396,-0.1280
1230797605079,9.7422,-0.9530,0.6727,0.0853,-0.2616,-0.1610
1230797605089,9.7590,-0.8382,0.6871,0.0731,-0.2884,-0.1928
1230797605098,9.8140,-0.7329,0.6823,0.0475,-0.3104,-0.2221
1230797605109,9.8810,-0.6515,0.7397,0.0145,-0.3349,-0.2539
1230797605118,10.0030,-0.5989,0.7469,-0.0429,-0.3446,-0.2820
1230797605129,10.0605,-0.5558,0.6799,-0.0979,-0.3483,-0.3150
1230797605138,10.1179,-0.6180,0.7325,-0.1309,-0.3398,-0.3516
1230797605148,10.1370,-0.6372,0.7325,-0.1541,-0.3385,-0.3858
1230797605158,10.1729,-0.6563,0.7493,-0.1736,-0.3385,-0.4188
1230797605167,10.1777,-0.7161,0.8163,-0.1846,-0.3410,-0.4494
1230797605177,10.2351,-0.7377,0.7541,-0.2139,-0.3422,-0.4750
1230797605184,10.2016,-0.6252,0.5052,-0.2433,-0.3507,-0.5055
1230797605196,10.0916,-0.6180,0.5842,-0.2738,-0.3446,-0.5141
1230797605205,10.0557,-0.8645,0.7229,-0.3019,-0.3459,-0.5068
1230797605215,10.0916,-0.9530,0.8450,-0.3288,-0.3544,-0.5275
1230797605224,10.1490,-0.9794,0.9335,-0.3386,-0.3507,-0.5434
1230797605234,10.1897,-1.0057,1.0771,-0.3080,-0.3520,-0.5373
1230797605244,10.2232,-0.8190,0.9263,-0.2799,-0.3483,-0.5349
1230797605254,10.2327,-0.7544,1.0388,-0.2543,-0.3251,-0.5251
1230797605263,10.1777,-0.7473,1.1943,-0.2640,-0.2848,-0.4970
1230797605273,10.0820,-0.6922,1.2900,-0.3129,-0.2383,-0.4689
1230797605282,9.9767,-0.7114,1.3882,-0.3691,-0.1968,-0.4396
1230797605292,9.9600,-0.7473,1.4528,-0.4290,-0.1626,-0.4005
1230797605302,9.9791,-0.7568,1.4097,-0.4950,-0.1296,-0.3553
1230797605311,9.9887,-0.7760,1.3882,-0.5658,-0.0905,-0.3076
1230797605320,9.9958,-0.7951,1.3882,-0.6587,-0.0441,-0.2551
1230797605331,9.9025,-0.7066,1.2757,-0.7870,0.0035,-0.1989
1230797605340,9.8116,-0.6803,1.0077,-0.9128,0.0426,-0.1402
1230797605349,9.7398,-0.7831,0.8282,-1.0643,0.0634,-0.0816
1230797605359,9.7590,-0.8454,0.7038,-1.2133,0.0866,-0.0364
1230797605369,9.7733,-0.9626,0.6177,-1.3306,0.1062,-0.0071
1230797605377,9.7614,-1.1421,0.4717,-1.4015,0.1294,0.0222
1230797605386,9.7422,-1.3766,0.3568,-1.4283,0.1489,0.0418
1230797605396,9.6991,-1.5010,0.2635,-1.4235,0.1734,0.0503
1230797605406,9.6465,-1.6828,0.1846,-1.3550,0.1941,0.0467
1230797605416,9.5795,-1.8001,0.2085,-1.2439,0.2125,0.0369
1230797605427,9.5221,-1.7929,0.2013,-1.0985,0.2222,0.0173
1230797605436,9.4551,-1.7211,0.2324,-0.9299,0.2186,-0.0059
1230797605446,9.4288,-1.5704,0.3664,-0.7760,0.2088,-0.0291
1230797605455,9.4335,-1.2450,0.4238,-0.6648,0.1953,-0.0511
1230797605465,9.4886,-0.9459,0.5243,-0.5964,0.1856,-0.0792
1230797605475,9.5077,-0.8190,0.5698,-0.5573,0.1831,-0.1036
1230797605484,9.5149,-0.7831,0.6631,-0.5585,0.1905,-0.1146
1230797605494,9.5125,-0.7927,0.7421,-0.5756,0.1941,-0.1219
1230797605502,9.4934,-0.7927,0.7660,-0.6037,0.1953,-0.1256
1230797605513,9.5149,-0.7760,0.8187,-0.6440,0.1990,-0.1232
1230797605522,9.5963,-0.7281,0.7923,-0.6990,0.1966,-0.1256
1230797605533,9.6609,-0.7114,0.8115,-0.7466,0.1929,-0.1305
1230797605540,9.7374,-0.7855,0.8115,-0.7833,0.1917,-0.1280
1230797605550,9.7925,-0.8669,0.7397,-0.7979,0.1843,-0.1195
1230797605560,9.8475,-0.9147,0.6607,-0.7857,0.1807,-0.1158
1230797605569,9.8475,-0.9291,0.6559,-0.7491,0.1783,-0.1109
1230797605580,9.8547,-1.0009,0.7086,-0.6806,0.1721,-0.1060
1230797605590,9.8786,-1.0009,0.6751,-0.5939,0.1550,-0.0987
1230797605599,9.9671,-0.9482,0.6655,-0.5047,0.1318,-0.0963
1230797605607,10.0126,-0.8143,0.7349,-0.4058,0.1172,-0.0938
1230797605619,10.0724,-0.6755,0.6751,-0.3080,0.1001,-0.0987
1230797605628,10.1299,-0.3333,0.5483,-0.2201,0.0744,-0.1268
1230797605638,10.1777,-0.0126,0.5052,-0.1688,0.0634,-0.1268
1230797605648,10.2399,0.1142,0.6057,-0.1663,0.0707,-0.0853
1230797605657,10.3141,0.0328,0.6966,-0.2249,0.0842,-0.0425
1230797605667,10.3548,-0.0126,0.6895,-0.3141,0.0964,-0.0217
1230797605677,10.3380,-0.0294,0.7206,-0.3887,0.1123,0.0003
1230797605684,10.3261,0.0161,0.7588,-0.4534,0.1306,0.0393
1230797605694,10.3332,0.0304,0.7373,-0.5169,0.1343,0.0723
1230797605703,10.3476,-0.0486,0.7110,-0.5793,0.1379,0.1065
1230797605713,10.3021,-0.1060,0.5961,-0.6342,0.1452,0.1481
1230797605723,10.2615,-0.1897,0.6368,-0.6831,0.1648,0.1933
1230797605734,10.2136,-0.1227,0.6751,-0.7564,0.1905,0.2263
1230797605744,10.1538,-0.0820,0.7708,-0.8334,0.2100,0.2519
1230797605754,10.1514,-0.0581,0.8258,-0.9103,0.2222,0.2764
1230797605763,10.2016,-0.1634,1.0579,-0.9763,0.2344,0.2971
1230797605773,10.2662,-0.0940,0.9981,-1.0508,0.2454,0.3142
1230797605782,10.2782,-0.0198,1.1321,-1.1266,0.2711,0.3484
1230797605792,10.3093,-0.1658,1.3546,-1.1657,0.3139,0.3790
1230797605802,10.2351,-0.2543,1.4216,-1.2695,0.3688,0.4083
1230797605811,10.1251,-0.2041,1.6059,-1.4430,0.4312,0.4266
1230797605821,10.0198,-0.3213,1.7112,-1.6141,0.4910,0.4510
1230797605830,9.9265,-0.5175,1.7016,-1.7863,0.5497,0.4852
1230797605840,9.8068,-0.6874,1.9600,-1.9476,0.6022,0.5097
1230797605849,9.7111,-0.6372,1.8595,-2.1015,0.6303,0.5341
1230797605859,9.6130,-0.4792,1.6466,-2.2469,0.6413,0.5647
1230797605869,9.5843,-0.7712,1.5915,-2.3190,0.6291,0.5744
1230797605879,9.6130,-1.2689,1.4839,-2.3190,0.5936,0.5683
1230797605888,9.7494,-1.5488,1.3235,-2.2567,0.5497,0.5549
1230797605898,9.9695,-1.6709,1.1967,-2.1247,0.5069,0.5231
1230797605907,10.0868,-1.7498,1.0723,-1.9781,0.4861,0.4792
1230797605917,10.0892,-1.9389,0.7612,-1.7985,0.4727,0.4303
1230797605926,10.0006,-1.9843,0.5124,-1.6153,0.4666,0.3704
1230797605936,9.8618,-1.8695,0.3975,-1.4430,0.4678,0.3277
1230797605946,9.7087,-1.7809,0.2827,-1.2781,0.4470,0.2922
1230797605955,9.6656,-1.8886,0.3880,-1.1669,0.4079,0.2641
1230797605965,9.7231,-2.0466,0.4502,-1.1180,0.3639,0.2580
1230797605975,9.6776,-2.1734,0.5291,-1.0887,0.3456,0.2409
1230797605984,9.6058,-2.1638,0.5411,-1.0631,0.3383,0.2104
1230797605994,9.4335,-2.0681,0.6201,-1.0545,0.3224,0.1872
1230797606001,9.2493,-1.9939,0.8402,-1.0948,0.3102,0.1823
1230797606011,9.0674,-1.9317,0.9311,-1.1950,0.2980,0.1823
1230797606022,8.9861,-1.9891,1.0244,-1.3098,0.2784,0.1639
1230797606033,9.0004,-2.2236,1.2231,-1.4113,0.2516,0.1505
1230797606040,8.9957,-2.4079,1.0316,-1.4858,0.2369,0.1358
1230797606050,9.0363,-2.7333,0.9550,-1.4357,0.2149,0.1041
1230797606061,9.1225,-2.9367,0.9000,-1.3380,0.1856,0.0625
1230797606070,9.2325,-2.8338,0.6895,-1.3013,0.1709,0.0161
1230797606078,9.2421,-2.7620,0.6871,-1.2781,0.1953,-0.0303
1230797606089,9.1919,-2.9104,0.6631,-1.2622,0.2234,-0.0596
1230797606098,9.1105,-3.1281,0.6583,-1.2830,0.2564,-0.0902
1230797606109,8.9837,-3.3602,0.5626,-1.2964,0.3114,-0.1256
1230797606117,8.8736,-3.5827,0.6871,-1.2427,0.3603,-0.1586
1230797606128,8.7564,-3.5827,0.6655,-1.1302,0.3762,-0.1977
1230797606138,8.7277,-3.4368,0.5578,-0.9849,0.3530,-0.2404
1230797606148,8.7612,-3.2836,0.4167,-0.7967,0.3224,-0.2734
1230797606157,8.8616,-3.0468,0.3425,-0.6416,0.3016,-0.2930
1230797606167,8.9837,-2.7764,0.2516,-0.5511,0.3065,-0.2942
1230797606176,9.1416,-2.4749,0.2037,-0.5450,0.3187,-0.2917
1230797606186,9.2804,-2.2380,0.1319,-0.6037,0.3419,-0.3113
1230797606195,9.4383,-2.2045,0.0314,-0.6611,0.3627,-0.3247
1230797606205,9.6226,-2.3481,-0.0547,-0.7247,0.3762,-0.3284
1230797606215,9.9336,-2.6280,-0.1193,-0.8297,0.3811,-0.3369
1230797606224,10.3165,-2.8793,-0.1576,-0.8847,0.3749,-0.3614
1230797606234,10.7998,-2.9774,-0.2198,-0.8822,0.3688,-0.4078
1230797606244,11.2641,-2.9893,-0.2222,-0.8664,0.3652,-0.4542
1230797606252,11.6876,-2.8960,-0.3060,-0.8798,0.3798,-0.5031
1230797606263,11.9412,-2.9487,-0.3371,-0.9042,0.4299,-0.5385
1230797606270,12.0513,-3.0276,-0.4591,-0.9201,0.4898,-0.5618
1230797606334,11.9795,-2.9032,-0.5716,-0.9653,0.5387,-0.5947
1230797606334,11.7761,-2.6878,-0.4902,-1.0227,0.5912,-0.6228
1230797606335,11.4626,-2.4868,-0.4184,-1.0985,0.6340,-0.6277
1230797606336,11.1492,-2.3217,-0.2988,-1.1999,0.6584,-0.6216
1230797606337,10.8908,-2.2619,-0.1768,-1.3196,0.6620,-0.5959
1230797606337,10.6587,-2.1351,-0.1289,-1.4638,0.6633,-0.5544
1230797606345,10.4290,-2.1040,-0.0140,-1.5786,0.6730,-0.5092
1230797606348,10.1179,-2.2141,0.1941,-1.6593,0.6987,-0.4506
1230797606356,9.7398,-2.5466,0.3401,-1.7179,0.7231,-0.3748
1230797606367,9.4000,-2.7524,0.5243,-1.7949,0.7378,-0.2991
1230797606376,9.0650,-2.7572,0.6057,-1.8389,0.7329,-0.2404
1230797606387,8.8066,-2.6878,0.6440,-1.8486,0.7073,-0.1867
1230797606397,8.6774,-2.3600,0.6392,-1.8645,0.6682,-0.1439
1230797606407,8.6678,-2.0202,0.5794,-1.8682,0.6181,-0.1354
1230797606416,8.7444,-1.8862,0.4573,-1.8645,0.5887,-0.1268
1230797606426,8.8162,-1.7570,0.2205,-1.8963,0.5912,-0.1097
1230797606435,8.8760,-1.6733,0.0434,-1.9219,0.6107,-0.1085
1230797606445,8.9167,-1.6182,-0.1337,-1.9390,0.6291,-0.1134
1230797606455,9.0459,-1.5728,-0.1983,-1.9561,0.6376,-0.1244
1230797606464,9.2565,-1.7498,-0.1648,-1.9500,0.6486,-0.1195
1230797606474,9.4790,-2.0513,-0.3299,-1.9842,0.6694,-0.0889
1230797606483,9.7039,-2.2499,-0.4830,-2.0502,0.6914,-0.0498
1230797606493,9.9169,-2.1255,-0.6721,-2.1431,0.7036,-0.0364
1230797606502,10.1011,-1.8408,-0.8396,-2.2457,0.7024,-0.0462
1230797606512,10.3165,-1.7833,-1.1458,-2.3764,0.6938,-0.0450
1230797606521,10.5055,-1.9293,-1.4689,-2.5658,0.6938,-0.0315
1230797606531,10.6371,-2.3026,-1.8374,-2.7564,0.7133,-0.0169
1230797606542,10.6587,-2.8075,-2.0575,-2.9164,0.7341,-0.0047
1230797606549,10.6371,-3.2190,-2.0671,-3.0459,0.7402,-0.0022
1230797606559,10.6204,-3.7144,-1.8446,-3.0838,0.7146,-0.0022
1230797606570,10.5725,-4.1570,-1.5957,-3.0313,0.6694,-0.0181
1230797606580,10.4768,-4.2432,-1.3875,-2.8712,0.6083,-0.0584
1230797606589,10.3285,-4.0206,-1.2104,-2.6941,0.5619,-0.0938
1230797606598,10.2327,-3.9082,-1.1124,-2.5658,0.5228,-0.1317
1230797606606,10.1322,-3.9608,-1.1865,-2.4754,0.4947,-0.1867
1230797606618,10.0198,-3.9584,-0.9090,-2.4680,0.4849,-0.2673
1230797606627,9.7996,-4.2432,-0.7462,-2.4473,0.4922,-0.3345
1230797606637,9.5149,-4.6164,-0.4184,-2.4192,0.5130,-0.3834
1230797606647,9.1751,-4.5949,-0.1648,-2.2677,0.4983,-0.4897
1230797606657,8.9765,-4.1259,-0.0308,-1.9794,0.4409,-0.6253
1230797606664,8.8952,-3.2693,0.2181,-1.6568,0.3627,-0.7206
1230797606674,8.9669,-2.2906,0.1487,-1.4015,0.2906,-0.7902
1230797606683,9.0579,-1.5680,0.1965,-1.2927,0.2625,-0.8366
1230797606693,9.1655,-1.7522,0.0936,-1.2903,0.2686,-0.8391
1230797606704,9.3330,-2.7668,0.1343,-1.3770,0.3151,-0.8232
1230797606714,9.5101,-3.8507,0.3425,-1.5175,0.3896,-0.7865
1230797606724,9.5867,-4.3126,0.3999,-1.6031,0.4421,-0.7487
1230797606733,9.6202,-3.9919,0.7158,-1.6532,0.4837,-0.7291
1230797606743,9.6130,-3.2382,0.9359,-1.6764,0.4922,-0.7279
1230797606753,9.8403,-2.4868,1.9122,-1.8010,0.5411,-0.6656
1230797606762,9.9600,-2.2332,2.1491,-2.0136,0.6095,-0.4933
1230797606772,9.9863,-3.3554,2.3644,-2.2200,0.7109,-0.2466
1230797606782,10.2615,-4.9993,2.8095,-2.4583,0.8197,-0.0327
1230797606791,10.5965,-5.6693,2.8334,-2.6977,0.9003,0.0686
1230797606801,10.8094,-6.1622,3.0990,-2.8309,0.9809,0.1273
1230797606810,11.0032,-6.4924,2.8573,-2.9885,1.0603,0.1835
1230797606820,10.6874,-6.3154,2.0510,-3.0923,1.1483,0.1566
1230797606829,9.8547,-4.9873,1.9385,-3.0997,1.1935,0.0564
1230797606839,9.0961,-3.8077,2.6228,-2.9482,1.1532,-0.0022
1230797606849,8.7851,-3.4009,2.9196,-2.7722,1.0628,-0.0095
1230797606858,8.9310,-3.2956,2.6731,-2.8028,1.0066,0.0161
1230797606868,9.2971,-3.3004,2.5726,-2.8834,1.0383,0.0210
1230797606878,9.5173,-3.6282,2.3525,-2.8370,1.0945,0.0247
1230797606887,9.6944,-4.3532,2.4434,-2.7955,1.1642,0.0931
1230797606897,9.7590,-4.3461,2.0199,-2.9128,1.2668,0.1505
1230797606906,9.6441,-4.6763,1.4384,-2.9201,1.3633,0.1798
1230797606916,9.3857,-5.8105,1.4863,-2.7002,1.4550,0.2702
1230797606926,9.2110,-6.3536,1.3690,-2.5914,1.4818,0.3509
1230797606935,9.1368,-6.5738,1.3642,-2.5071,1.4879,0.4119
1230797606945,9.1823,-6.6025,1.2589,-2.4363,1.4916,0.4804
1230797606954,9.4383,-6.4493,1.1178,-2.4668,1.4940,0.5671
1230797606964,9.8116,-6.4326,1.0771,-2.5780,1.5099,0.6624
1230797606972,10.1322,-6.7413,1.0149,-2.6806,1.5564,0.7504
1230797606981,10.2136,-7.2127,1.0101,-2.7454,1.6382,0.8090
1230797606991,9.8714,-7.6218,0.9359,-2.7307,1.7249,0.8506
1230797607001,9.3115,-7.7582,0.9957,-2.6342,1.7689,0.8786
1230797607010,8.7588,-7.6936,1.1561,-2.4803,1.7494,0.8896
1230797607021,8.3304,-7.2844,1.2757,-2.3434,1.7091,0.9104
1230797607031,8.1318,-6.8322,1.1632,-2.2591,1.6516,0.9544
1230797607041,8.0720,-6.6001,1.0675,-2.2298,1.6077,0.9898
1230797607049,7.9428,-6.5594,1.0268,-2.2286,1.5820,0.9886
1230797607062,7.7346,-6.7772,1.1441,-2.1883,1.5441,0.9850
1230797607068,7.5289,-7.0236,1.5317,-2.1345,1.4928,0.9972
1230797607079,7.3494,-7.0212,1.9361,-2.0661,1.4183,1.0228
1230797607088,7.3398,-6.8513,2.0222,-1.9036,1.3145,1.0363
1230797607097,7.4212,-6.6719,1.4647,-1.6874,1.1959,1.0485
1230797607108,7.4786,-6.7150,1.2111,-1.4638,1.1178,1.0448
1230797607117,7.4379,-6.5977,1.1321,-1.3673,1.0799,1.0314
1230797607126,7.2872,-6.3154,0.8641,-1.3624,1.0689,1.0436
1230797607137,7.0503,-6.2125,1.0484,-1.3441,1.0750,1.0656
1230797607147,6.9498,-6.1837,1.3762,-1.1950,1.0616,1.0509
1230797607156,6.9809,-6.2220,1.3379,-0.9384,1.0005,1.0057
1230797607166,7.1651,-5.8822,1.4934,-0.8358,0.9357,1.0240
1230797607175,7.3494,-5.2242,1.4001,-0.9714,0.8771,1.0925
1230797607185,7.5647,-5.0328,0.9216,-1.0130,0.8233,1.0338
1230797607195,7.7298,-5.3128,1.3164,-0.9592,0.7793,0.8896
1230797607204,7.7801,-5.7746,1.3235,-0.9335,0.7500,0.7882
1230797607213,7.6868,-6.1335,0.7852,-0.9836,0.7634,0.8151
1230797607223,7.4212,-6.5690,0.7852,-0.9739,0.7830,0.8615
1230797607233,7.1340,-5.8200,0.7206,-0.9311,0.7219,0.8493
1230797607243,7.1604,-3.7407,1.0125,-1.0887,0.6083,0.9067
1230797607252,7.7083,-3.0013,1.9959,-1.1425,0.5045,1.0130
1230797607262,8.4908,-4.4370,3.2426,-1.2720,0.4959,1.1242
1230797607271,9.2708,-6.6862,3.6374,-1.6837,0.5985,1.2843
1230797607280,9.8020,-8.1339,4.6711,-2.2078,0.7183,1.3893
1230797607289,9.4934,-7.7941,4.8960,-2.6220,0.8135,1.3563
1230797607299,8.2850,-5.5903,4.1255,-2.9604,0.7903,1.3038
1230797607308,7.0670,-3.2836,4.3505,-3.1253,0.6865,1.2611
1230797607319,6.6411,-4.0350,4.6998,-2.8676,0.4812,1.2183
1230797607329,6.6650,-6.4254,4.9319,-2.6293,0.2943,1.2598
1230797607339,6.7943,-8.0813,4.9678,-2.5035,0.1929,1.3686
1230797607348,6.9498,-8.9977,5.0324,-2.1369,0.1343,1.4956
1230797607358,7.2106,-9.3351,5.1904,-1.6764,0.1037,1.6166
1230797607368,7.4331,-9.0408,4.8506,-1.3025,0.1086,1.7131
1230797607375,7.3374,-8.1291,4.3959,-1.0753,0.1709,1.7778
1230797607387,6.9354,-7.8635,4.3074,-0.8175,0.2369,1.7729
1230797607396,6.4880,-7.9138,4.1782,-0.5756,0.2723,1.6923
1230797607406,6.2678,-7.9879,3.9580,-0.4204,0.2833,1.6239
1230797607416,6.3181,-8.1530,4.2547,-0.2127,0.3053,1.5530
1230797607425,6.4066,-8.0645,3.7499,0.0267,0.3578,1.4516
1230797607435,6.2678,-7.9640,3.1469,0.2906,0.4531,1.3918
1230797607444,5.8826,-7.8683,3.2785,0.5606,0.5582,1.3392
1230797607453,5.5452,-7.4352,3.7427,0.8233,0.6340,1.2403
1230797607462,5.3514,-7.0141,3.5226,1.1250,0.6963,1.1010
1230797607473,5.1863,-7.0595,2.9866,1.4940,0.7769,0.9239
1230797607483,5.0618,-7.2031,2.2639,1.8446,0.8600,0.7039
1230797607492,4.8010,-7.1911,1.6203,2.1378,0.9455,0.4425
1230797607502,4.4469,-6.6719,0.7469,2.4433,0.9858,0.1358
1230797607511,4.2435,-5.6884,0.0003,2.6314,0.9883,-0.1757
1230797607521,4.1143,-5.1213,0.0912,2.6766,0.9223,-0.4567
1230797607531,4.1526,-4.8174,1.1010,2.4970,0.7647,-0.7083
1230797607540,4.4924,-4.1379,2.5989,2.2356,0.5900,-0.9356
1230797607551,5.2054,-3.4033,3.4388,2.1513,0.4861,-1.1787
1230797607558,5.6888,-2.6854,3.7259,2.0438,0.4971,-1.3583
1230797607567,5.6888,-1.2067,2.9196,1.6052,0.5521,-1.3986
1230797607578,5.3777,0.7435,1.3212,0.9528,0.5826,-1.3388
1230797607587,5.0020,1.0880,0.3544,0.4201,0.6254,-1.2606
1230797607596,4.8369,-1.4818,0.0649,-0.0221,0.6291,-1.1824
1230797607606,4.8345,-4.4274,0.2372,-0.6037,0.6168,-1.0248
1230797607615,4.8752,-6.5929,0.2013,-1.0631,0.6217,-0.7646
1230797607628,4.8824,-8.2559,0.4358,-1.1535,0.6364,-0.4604
1230797607637,4.6838,-8.6579,1.0675,-1.0557,0.6376,-0.2343
1230797607646,4.5067,-8.3421,2.3716,-0.9494,0.6071,-0.0596
1230797607656,4.5139,-7.9640,3.2569,-0.8053,0.5338,0.0332
1230797607666,4.5426,-7.2964,3.6733,-0.7491,0.4751,0.0662
1230797607673,4.4517,-6.9566,3.7116,-0.7564,0.4544,0.1517
1230797607685,4.3368,-7.1337,3.1636,-0.6562,0.3798,0.2140
1230797607695,4.3392,-7.5979,2.5247,-0.4827,0.2137,0.2006
1230797607704,4.3177,-8.4019,2.0892,-0.3056,0.0231,0.1725
1230797607714,4.2411,-8.7536,1.9600,-0.2298,-0.1516,0.1456
1230797607724,4.1550,-8.2607,2.5008,-0.2592,-0.2555,0.1102
1230797607732,4.1741,-7.9832,2.8621,-0.3019,-0.3288,0.0686
1230797607742,4.3153,-8.2822,3.0990,-0.3716,-0.3373,0.0344
1230797607752,4.3416,-8.4856,3.7235,-0.5353,-0.2958,-0.0071
1230797607762,4.3273,-8.8398,4.1160,-0.6660,-0.2432,-0.0266
1230797607771,4.2770,-9.3064,3.9509,-0.6806,-0.1992,-0.0388
1230797607781,4.1023,-9.5409,3.8073,-0.6355,-0.1492,-0.0572
1230797607790,3.9516,-9.2059,3.6302,-0.5670,-0.1211,-0.0657
1230797607800,3.9037,-8.9570,3.5297,-0.4253,-0.1113,-0.0523
1230797607810,3.9683,-9.2059,3.6948,-0.2860,-0.0966,-0.0242
1230797607819,4.0066,-9.2848,3.8839,-0.2677,-0.0759,-0.0010
1230797607829,3.9420,-9.2035,3.9389,-0.2408,-0.0502,0.0051
1230797607838,3.7961,-8.9403,3.7451,-0.1248,-0.0282,-0.0193
1230797607848,3.6668,-8.6866,3.5848,-0.0246,-0.0343,-0.0547
1230797607857,3.5759,-8.5120,3.5536,-0.0185,-0.0478,-0.0828
1230797607867,3.5161,-8.3828,3.3790,-0.0490,-0.0551,-0.1146
1230797607877,3.5759,-8.4115,3.1923,-0.0612,-0.0539,-0.1488
1230797607887,3.7075,-8.4545,2.8215,-0.0405,-0.0685,-0.1867
1230797607896,3.8989,-8.4713,2.4290,0.0719,-0.0966,-0.2478
1230797607904,4.1358,-8.7728,2.1419,0.2674,-0.1247,-0.3040
1230797607913,4.3990,-9.2059,1.8619,0.4616,-0.1553,-0.3296
1230797607923,4.5354,-9.5600,1.6155,0.6217,-0.1870,-0.3418
1230797607933,4.5067,-9.6821,1.5437,0.8037,-0.2249,-0.3663
1230797607943,4.4397,-9.5146,1.5126,1.0249,-0.2787,-0.3907
1230797607954,4.3416,-9.1293,1.2972,1.2240,-0.3385,-0.3761
1230797607964,4.2387,-8.5263,0.9814,1.2839,-0.3960,-0.3272
1230797607973,4.2148,-8.4521,0.8450,1.2973,-0.4497,-0.2820
1230797607983,4.3129,-9.0336,0.5339,1.2997,-0.5034,-0.2441
1230797607992,4.4900,-9.6844,0.1893,1.2729,-0.5584,-0.1965
1230797608001,4.6407,-10.1774,0.6129,1.3120,-0.6195,-0.1696
1230797608012,4.7412,-10.4812,1.1321,1.4610,-0.7173,-0.1024
1230797608021,4.7843,-10.2300,1.0244,1.5759,-0.8309,0.0271
1230797608029,4.7939,-9.6390,1.1728,1.6052,-0.9592,0.1517
1230797608039,4.8250,-9.1221,1.1130,1.6052,-1.0984,0.2104
1230797608048,4.9901,-8.6364,0.6775,1.5135,-1.2206,0.2568
1230797608059,5.2676,-8.7752,0.6655,1.4647,-1.3196,0.3264
1230797608069,5.6409,-9.5337,0.9335,1.5930,-1.4210,0.3961
1230797608078,6.1123,-10.1032,1.3738,1.7396,-1.5126,0.4669
1230797608088,6.4425,-9.9931,1.6873,1.8727,-1.6079,0.5525
1230797608097,6.5813,-9.3925,1.6155,1.9864,-1.6824,0.6453
1230797608107,6.5143,-8.8685,1.4958,2.0792,-1.7240,0.7284
1230797608117,6.2726,-8.7201,1.4360,2.1269,-1.7496,0.8151
1230797608127,5.9711,-8.9977,1.4049,2.1537,-1.7765,0.9263
1230797608136,5.7941,-9.5385,1.4504,2.2356,-1.8266,1.0265
1230797608146,5.7701,-10.0577,1.7590,2.4225,-1.9194,1.1035
1230797608156,5.8419,-10.2491,1.6514,2.6644,-2.0673,1.2110
1230797608165,6.0453,-9.7514,1.3738,2.8574,-2.2395,1.3417
1230797608175,6.3516,-9.3853,1.4145,3.0211,-2.3642,1.4834
1230797608184,6.6698,-9.1652,1.5844,3.1213,-2.4326,1.6190
1230797608194,6.9474,-8.8828,1.6537,3.0993,-2.4387,1.7241
1230797608203,7.1053,-8.6436,1.7136,3.0847,-2.4179,1.8023
1230797608213,7.0670,-8.6101,1.8835,3.1616,-2.4069,1.8805
1230797608221,7.0957,-8.5837,2.1132,3.2728,-2.4265,1.9855
1230797608230,7.0742,-8.4593,2.0940,3.3938,-2.4643,2.1004
1230797608240,7.1651,-8.2799,2.1802,3.5037,-2.5254,2.2054
1230797608250,7.2728,-7.8252,2.2065,3.5502,-2.5609,2.2995
1230797608261,7.3207,-7.1481,2.2663,3.5489,-2.5816,2.3777
1230797608271,7.2537,-6.9782,2.3453,3.5660,-2.5767,2.4498
1230797608281,7.2178,-7.1457,2.5343,3.5404,-2.5486,2.5060
1230797608290,7.2250,-7.0667,2.7545,3.3938,-2.4986,2.5488
1230797608300,7.2489,-6.7030,3.2282,3.2350,-2.4472,2.5891
1230797608310,7.1675,-6.2244,3.2569,3.1067,-2.3984,2.6257
1230797608319,6.9857,-5.5209,3.2498,2.9430,-2.3373,2.6538
1230797608329,6.8445,-4.9538,3.6278,2.7548,-2.2689,2.6660
1230797608338,6.6507,-4.6212,3.6254,2.5569,-2.1821,2.6782
1230797608348,6.4688,-4.8103,4.1112,2.4066,-2.0587,2.6819
1230797608357,6.1793,-5.3486,4.4988,2.3174,-1.9402,2.6892
1230797608367,5.7821,-5.6478,4.6496,2.2209,-1.8742,2.6868
1230797608377,5.3992,-5.6645,4.7405,2.1464,-1.8486,2.6599
1230797608386,5.1528,-5.3439,4.7596,2.0926,-1.8694,2.6147
1230797608396,5.1767,-5.0878,4.9726,2.0255,-1.9121,2.5744
1230797608405,5.4447,-5.0328,4.9965,1.9326,-1.9500,2.5475
1230797608415,5.7342,-5.0830,5.0683,1.7921,-1.9427,2.5231
1230797608424,5.9161,-5.1524,4.9415,1.6443,-1.8840,2.4999
1230797608434,5.9161,-5.2242,4.8841,1.5307,-1.8022,2.4632
1230797608444,5.7797,-5.4898,4.8171,1.5062,-1.7191,2.4156
1230797608453,5.6409,-5.6836,4.9008,1.5441,-1.6555,2.3655
1230797608463,5.5500,-5.5975,4.8625,1.6101,-1.6311,2.3264
1230797608472,5.5452,-5.4133,5.1592,1.6870,-1.6543,2.2714
1230797608482,5.7582,-4.9132,5.5756,1.7115,-1.6849,2.2079
1230797608492,6.0070,-4.2240,5.9297,1.6553,-1.6726,2.1419
1230797608501,6.0644,-3.7742,6.3198,1.5759,-1.5908,2.0833
1230797608511,5.8922,-3.4751,6.5040,1.4329,-1.4760,2.0307
1230797608521,5.6720,-3.3076,6.3724,1.2008,-1.3782,1.9782
1230797608529,5.5356,-3.2645,6.2671,0.9308,-1.3354,1.8854
1230797608547,5.4830,-3.4105,6.0637,0.6925,-1.2964,1.7607
1230797608550,5.5452,-3.6378,6.0350,0.4824,-1.2524,1.6373
1230797608557,5.6792,-4.3269,5.8819,0.4091,-1.2010,1.5286
1230797608568,5.7151,-5.0304,5.5852,0.4678,-1.1522,1.4394
1230797608576,5.7630,-5.3271,5.5014,0.5679,-1.1302,1.3612
1230797608588,5.8204,-5.0137,5.7359,0.7097,-1.1387,1.2672
1230797608597,5.7917,-4.5375,6.0637,0.8672,-1.1510,1.1890
1230797608605,5.6888,-4.1618,6.4657,0.9418,-1.1644,1.1340
1230797608617,5.6768,-3.8651,6.9227,0.8697,-1.1791,1.0753
1230797608626,5.8036,-3.7407,7.3367,0.7023,-1.1888,0.9996
1230797608636,5.9807,-3.8914,7.3702,0.5044,-1.1693,0.9202
1230797608646,6.0932,-4.1020,7.2506,0.3065,-1.1217,0.8444
1230797608655,6.2296,-4.2432,7.3415,0.1635,-1.0459,0.7504
1230797608665,6.2798,-4.3508,7.2410,0.1037,-0.9482,0.6551
1230797608673,6.1602,-4.4561,7.1716,0.1012,-0.8199,0.5683
1230797608684,6.0932,-4.5471,7.4229,0.1672,-0.6892,0.4535
1230797608694,6.1578,-4.5088,7.7076,0.2857,-0.5841,0.3264
1230797608703,6.2942,-4.3054,7.8320,0.3700,-0.4851,0.2214
1230797608713,6.3803,-3.7957,7.9397,0.3883,-0.3727,0.0955
1230797608723,6.5167,-3.2836,8.1814,0.2710,-0.2396,-0.0327
1230797608732,6.6339,-2.7716,8.2843,-0.0099,-0.0978,-0.1500
1230797608742,6.7416,-2.4725,7.9110,-0.3875,0.0683,-0.2685
1230797608751,6.8613,-2.7357,7.4516,-0.7417,0.2589,-0.3968
1230797608761,6.9378,-3.2095,7.0256,-0.9873,0.4385,-0.5434
1230797608771,6.9737,-3.6665,6.7026,-1.1144,0.5900,-0.6815
1230797608780,6.9713,-3.7526,6.4370,-1.1461,0.7085,-0.8122
1230797608790,6.9306,-3.6856,6.4968,-1.0985,0.8087,-0.9490
1230797608799,6.8971,-3.4775,6.4538,-1.0741,0.8942,-1.0846
1230797608809,6.8469,-3.1353,6.5231,-1.1364,0.9772,-1.2178
1230797608819,6.8828,-2.8888,6.7194,-1.2708,1.0555,-1.3620
1230797608828,7.0383,-2.9391,6.6619,-1.4846,1.1336,-1.4951
1230797608838,7.2824,-3.3506,6.3628,-1.7387,1.2363,-1.6173
1230797608847,7.4260,-3.6282,5.8460,-1.9671,1.3694,-1.7431
1230797608857,7.5241,-3.8675,5.6258,-2.1565,1.5111,-1.8519
1230797608865,7.6126,-4.3772,5.2717,-2.2738,1.6492,-1.9411
1230797608874,7.6270,-4.9084,4.8841,-2.3312,1.7787,-2.0095
1230797608884,7.5815,-5.2888,4.6017,-2.3447,1.8728,-2.0730
1230797608893,7.5480,-5.7171,4.4725,-2.3434,1.9290,-2.1366
1230797608903,7.5719,-6.0091,4.4079,-2.3776,1.9803,-2.1903
1230797608915,7.5863,-6.2148,4.3672,-2.4045,2.0377,-2.2318
1230797608924,7.5432,-6.3058,4.1351,-2.4143,2.0829,-2.2709
1230797608934,7.5528,-6.4326,3.9509,-2.4546,2.1110,-2.3003
1230797608943,7.6820,-6.7389,3.7666,-2.5646,2.1342,-2.3064
1230797608953,7.8399,-7.2079,3.4412,-2.7393,2.1806,-2.2783
1230797608963,7.8950,-7.6793,3.1708,-2.9323,2.2588,-2.2233
1230797608972,7.8184,-8.1650,3.0033,-3.0813,2.3407,-2.1476
1230797608982,7.6652,-8.5837,2.7879,-3.1962,2.4079,-2.0535
1230797608992,7.4331,-8.9498,2.6348,-3.2939,2.4629,-1.9570
1230797609001,7.2513,-9.4069,2.6013,-3.3428,2.5069,-1.8604
1230797609011,7.0742,-9.8137,2.8023,-3.3562,2.5545,-1.7505
1230797609020,6.8182,-9.7634,2.8502,-3.3367,2.5985,-1.6344
1230797609029,6.4688,-9.7610,2.7808,-3.2426,2.6058,-1.5208
1230797609039,6.0812,-10.1415,2.7066,-3.1388,2.5887,-1.4145
1230797609050,5.8922,-10.2180,2.4051,-3.1265,2.5533,-1.3290
1230797609057,5.7438,-10.1630,2.0605,-3.1351,2.5313,-1.2264
1230797609067,5.5500,-10.1989,1.9840,-3.1119,2.5362,-1.1091
1230797609077,5.3298,-10.2348,1.8787,-3.1082,2.5557,-0.9930
1230797609088,5.0906,-10.1152,1.7686,-3.1363,2.5851,-0.8818
1230797609096,4.8417,-9.8161,1.4886,-3.1290,2.6083,-0.7792
1230797609106,4.5618,-9.6844,1.2470,-3.0533,2.6217,-0.6827
1230797609116,4.4110,-9.8280,1.1034,-2.9531,2.6131,-0.6033
1230797609126,4.3344,-10.1295,0.9527,-2.8663,2.5924,-0.5251
1230797609135,4.2914,-10.4286,0.9646,-2.8309,2.5777,-0.4432
1230797609145,4.2028,-10.4980,0.8880,-2.7832,2.5679,-0.3797
1230797609155,4.0784,-10.2611,0.4884,-2.6965,2.5423,-0.3369
1230797609165,3.9612,-9.7084,0.1822,-2.6122,2.5020,-0.2844
1230797609174,3.8439,-9.1365,0.0506,-2.5743,2.4458,-0.2197
1230797609183,3.7506,-8.6483,-0.0188,-2.6379,2.3859,-0.1402
1230797609192,3.6932,-8.3708,-0.1696,-2.7710,2.3505,-0.0596
1230797609201,3.6118,-8.3660,-0.3419,-2.9103,2.3273,0.0088
1230797609211,3.5065,-8.5646,-0.3706,-3.0068,2.3004,0.0662
1230797609221,3.4634,-8.9187,-0.5070,-2.9861,2.2369,0.1151
1230797609232,3.4491,-9.3782,-0.5835,-2.8590,2.1403,0.1774
1230797609241,3.5304,-9.5911,-0.7630,-2.7099,2.0316,0.2507
1230797609251,3.6118,-9.5361,-0.6146,-2.5670,1.9290,0.3289
1230797609261,3.7003,-9.1508,-0.6481,-2.4546,1.8410,0.3936
1230797609270,3.7267,-8.7249,-0.7128,-2.3593,1.7763,0.4413
1230797609280,3.6238,-8.3636,-0.6768,-2.3178,1.7323,0.4645
1230797609290,3.4993,-7.8492,-0.8156,-2.4057,1.6932,0.4852
1230797609299,3.3988,-7.5046,-0.9712,-2.5646,1.6638,0.5427
1230797609309,3.3558,-7.6218,-0.9999,-2.6513,1.6260,0.5818
1230797609318,3.4036,-8.0693,-1.2511,-2.7002,1.5600,0.5818
1230797609328,3.4706,-8.4832,-1.5024,-2.7466,1.5136,0.6038
1230797609338,3.4898,-8.7823,-1.6124,-2.7063,1.4782,0.6367
1230797609347,3.4802,-9.0934,-1.9139,-2.5316,1.4391,0.6587
1230797609356,3.4634,-9.4882,-1.9427,-2.3007,1.4024,0.6710
1230797609366,3.4347,-9.6055,-1.8541,-2.0966,1.3584,0.6795
1230797609376,3.4156,-9.4404,-1.7584,-1.9354,1.3083,0.6758
1230797609386,3.3510,-9.0192,-1.5263,-1.7778,1.2644,0.6587
1230797609395,3.3031,-8.4545,-1.3684,-1.6507,1.2277,0.6270
1230797609405,3.2744,-7.9329,-1.1961,-1.5688,1.1874,0.5952
1230797609414,3.2864,-7.7175,-1.1482,-1.5065,1.1324,0.5439
1230797609424,3.3007,-7.7558,-1.1889,-1.5126,1.0774,0.4889
1230797609432,3.2792,-7.5907,-1.3803,-1.5847,1.0408,0.4620
1230797609443,3.2744,-7.7415,-1.6794,-1.5688,0.9968,0.4413
1230797609453,3.2816,-8.2440,-1.8254,-1.4283,0.9467,0.3753
1230797609462,3.2840,-8.7201,-2.0910,-1.2463,0.8954,0.2922
1230797609472,3.2218,-8.9714,-2.1030,-1.0264,0.8563,0.2446
1230797609482,3.1308,-8.7728,-2.0121,-0.8077,0.8074,0.1957
1230797609492,3.1452,-8.6149,-1.9163,-0.5658,0.7390,0.1236
1230797609499,3.1978,-8.5191,-1.8326,-0.3313,0.6816,0.0369
1230797609509,3.2218,-8.3421,-1.9857,-0.1346,0.6340,-0.0462
1230797609518,3.1787,-8.2583,-2.0862,0.0194,0.5790,-0.1060
1230797609528,3.1596,-8.0597,-2.0767,0.1220,0.5057,-0.1622
1230797609540,3.3247,-8.1267,-2.5696,0.2527,0.4116,-0.2466
1230797609549,3.4395,-8.4809,-3.1080,0.4250,0.3297,-0.3284
1230797609558,3.5065,-8.8230,-3.1797,0.5948,0.2234,-0.3931
1230797609567,3.5998,-9.0216,-3.0984,0.7793,0.1111,-0.4530
1230797609577,3.7051,-9.2729,-2.9453,0.9870,0.0219,-0.4995
1230797609587,3.6501,-9.2226,-2.4763,1.0981,-0.0526,-0.5117
1230797609596,3.5448,-8.8326,-2.1867,1.1116,-0.1149,-0.5104
1230797609606,3.4802,-8.5550,-1.8733,1.0725,-0.1724,-0.5007
1230797609615,3.4611,-8.3158,-1.9020,0.9381,-0.2371,-0.4933
1230797609625,3.5017,-8.6460,-2.1437,0.8135,-0.2811,-0.4689
1230797609633,3.5041,-9.2609,-2.3758,0.7414,-0.3080,-0.4347
1230797609644,3.4563,-9.6797,-2.6174,0.7426,-0.3373,-0.4017
1230797609655,3.4108,-9.9213,-2.7323,0.8489,-0.3752,-0.3870
1230797609664,3.4706,-10.1080,-3.0529,1.0236,-0.4436,-0.3858
1230797609674,3.4419,-10.1654,-3.2563,1.2264,-0.5010,-0.3993
1230797609683,3.2768,-10.0936,-3.2276,1.4317,-0.5487,-0.4310
1230797609693,3.1883,-9.9094,-3.1223,1.5563,-0.6525,-0.4371
1230797609702,3.2266,-9.6725,-3.1104,1.6308,-0.7942,-0.4261
1230797609712,3.3653,-9.4643,-3.0051,1.7225,-0.9543,-0.4261
1230797609721,3.5496,-9.4906,-2.9787,1.8630,-1.1290,-0.4127
1230797609731,3.7195,-9.6653,-3.0625,2.0633,-1.3061,-0.3773
1230797609741,3.8295,-9.8328,-3.0003,2.2869,-1.4747,-0.3284
1230797609751,4.0066,-9.8974,-2.7825,2.4738,-1.6531,-0.2746
1230797609759,4.1909,-9.7921,-2.1269,2.6314,-1.8205,-0.2478
1230797609770,4.4421,-9.4428,-1.4330,2.7047,-1.9524,-0.2258
1230797609779,4.6455,-8.9690,-0.8443,2.7059,-2.0233,-0.1855
1230797609789,4.7029,-8.7489,-0.4280,2.6791,-2.0416,-0.1354
1230797609798,4.6742,-8.5790,-0.0858,2.6229,-2.0282,-0.0840
1230797609808,4.6622,-8.4689,0.1535,2.5581,-2.0123,-0.0279
1230797609816,4.7316,-8.5622,0.3090,2.5422,-2.0221,0.0271
1230797609826,4.8561,-8.6771,0.2468,2.5716,-2.0355,0.0686
1230797609835,4.9135,-8.9283,0.6344,2.6815,-2.0612,0.0943
1230797609845,5.0499,-9.1604,1.2015,2.7915,-2.0929,0.1395
1230797609857,5.1671,-9.0216,1.4456,2.8367,-2.0990,0.2263
1230797609866,5.2652,-8.7177,1.5461,2.8868,-2.0893,0.3167
1230797609875,5.2916,-8.4785,1.7136,2.9283,-2.0795,0.3851
1230797609885,5.3514,-8.1315,1.8021,2.8513,-2.0746,0.4596
1230797609894,5.4184,-7.7534,1.8428,2.6950,-2.0575,0.5463
1230797609904,5.4639,-7.5883,1.6729,2.5691,-2.0306,0.6123
1230797609914,5.4662,-7.7104,1.5509,2.5190,-2.0086,0.6490
1230797609923,5.4567,-8.0621,1.5174,2.5288,-2.0050,0.6783
1230797609933,5.4184,-8.4785,1.4169,2.6009,-2.0147,0.7064
1230797609943,5.4615,-8.8254,1.4982,2.6986,-2.0306,0.7479
1230797609952,5.5428,-8.8182,1.9074,2.7817,-2.0477,0.7992
1230797609962,5.7127,-8.4115,2.1586,2.8672,-2.0795,0.8481
1230797609971,5.8371,-7.7822,2.2926,2.9931,-2.1064,0.8872
1230797609981,5.9783,-7.3993,2.5558,3.1177,-2.1100,0.9239
1230797609991,6.0357,-7.3036,2.5295,3.1885,-2.0880,0.9691
1230797610000,6.0573,-7.3203,2.6611,3.1714,-2.0379,1.0424
1230797610010,6.0333,-7.2174,2.8526,3.0761,-1.9805,1.1181
1230797610019,5.9687,-7.1600,3.1038,3.0383,-1.9573,1.1682
1230797610029,5.9305,-7.1433,3.2593,3.0566,-1.9524,1.2183
1230797610038,5.9376,-6.8274,3.1684,3.0334,-1.9659,1.2757
1230797610048,6.0501,-6.5068,3.4627,3.0224,-1.9622,1.3368
1230797610056,6.1243,-6.0545,3.6254,3.0236,-1.9634,1.3796
1230797610066,6.0860,-5.7674,3.7307,2.9747,-1.9537,1.4089
1230797610075,5.8443,-5.7794,3.8815,2.9442,-1.9524,1.4394
1230797610086,5.8802,-6.1742,4.5802,2.8452,-1.9683,1.4504
1230797610095,6.0692,-6.0641,4.3648,2.5960,-1.9451,1.4773
1230797610106,6.1984,-5.8559,4.3026,2.4531,-1.8938,1.5042
1230797610115,6.1338,-5.5449,4.3457,2.3932,-1.8559,1.5030
1230797610126,6.0501,-5.1022,4.5754,2.2515,-1.8461,1.5030
1230797610133,6.0812,-4.8773,4.8027,2.0401,-1.8437,1.5237
1230797610143,6.1003,-4.9347,4.9702,1.8214,-1.8229,1.5616
1230797610152,6.0836,-5.2123,4.8889,1.6162,-1.7692,1.5872
1230797610162,6.0022,-5.4994,4.8553,1.4696,-1.7203,1.5726
1230797610172,5.9137,-5.6836,4.8745,1.4121,-1.7068,1.5262
1230797610183,5.9257,-5.7315,4.8865,1.3669,-1.7191,1.4956
1230797610192,6.0214,-5.5185,4.9463,1.3168,-1.7350,1.4577
1230797610202,6.1578,-5.1022,5.0181,1.2606,-1.7484,1.4028
1230797610212,6.2559,-4.7169,4.9726,1.1702,-1.7374,1.3454
1230797610221,6.3181,-4.3843,4.8625,1.0749,-1.7093,1.2989
1230797610232,6.3516,-4.1283,4.6974,0.9332,-1.6763,1.2635
1230797610240,6.3564,-3.8412,4.5850,0.7561,-1.6482,1.2073
1230797610250,6.3444,-3.7622,4.5754,0.5899,-1.6213,1.1181
1230797610260,6.3635,-3.7215,4.3696,0.4005,-1.5969,1.0363
1230797610269,6.4066,-3.6641,4.3217,0.1635,-1.5761,0.9556
1230797610279,6.4281,-3.6856,4.0992,-0.0625,-1.5590,0.8652
1230797610289,6.4904,-3.8914,3.9126,-0.2396,-1.5480,0.7797
1230797610298,6.5741,-4.2240,3.8839,-0.3276,-1.5285,0.7076
1230797610308,6.6459,-4.5040,3.9580,-0.3227,-1.5248,0.6233
1230797610317,6.7679,-4.9060,4.1686,-0.2249,-1.5102,0.5573
1230797610327,6.8876,-5.3367,4.4151,-0.0796,-1.4882,0.5268
1230797610337,7.0383,-5.3415,4.8314,0.0695,-1.4503,0.4840
1230797610346,7.1915,-4.7672,5.4249,0.1562,-1.4002,0.4071
1230797610356,7.3901,-3.9632,6.2504,0.1342,-1.3293,0.3240
1230797610364,7.6557,-3.3387,6.9491,-0.0393,-1.2096,0.2433
1230797610375,7.9189,-2.9750,7.3774,-0.3374,-1.0251,0.1578
1230797610385,8.1342,-2.8123,7.5975,-0.6868,-0.7735,0.0674
1230797610394,8.2443,-3.0109,7.9014,-1.0215,-0.4644,-0.0230
1230797610404,8.0768,-3.4105,7.9158,-1.2646,-0.0942,-0.1024
1230797610414,7.5073,-4.2575,7.9660,-1.3648,0.2992,-0.1488
1230797610423,6.8971,-5.2505,8.1263,-1.3856,0.6291,-0.1818
1230797610433,6.4975,-5.4539,8.2364,-1.4076,0.8453,-0.2795
1230797610443,6.4329,-4.9969,8.0641,-1.4247,0.9919,-0.4347
1230797610450,6.6722,-4.8198,7.6669,-1.4760,1.1239,-0.5483
1230797610460,6.9737,-5.0400,7.0998,-1.6299,1.3010,-0.6021
1230797610469,7.0646,-5.4922,6.4777,-1.8438,1.5307,-0.6522
1230797610479,6.9139,-6.1287,6.1953,-2.0074,1.7689,-0.6986
1230797610488,6.6650,-6.6599,5.6976,-2.0771,1.9608,-0.7218
1230797610500,6.3947,-6.9662,5.2310,-2.0527,2.0805,-0.7340
1230797610510,6.3061,-7.1648,4.8841,-1.9989,2.1452,-0.7365
1230797610520,6.3133,-7.2940,4.5634,-1.9708,2.2002,-0.7413
1230797610529,6.2104,-7.2988,4.3122,-1.9952,2.2808,-0.7389
1230797610537,6.0549,-7.0332,3.9365,-2.0636,2.3578,-0.7316
1230797610546,5.8682,-6.9710,3.8169,-2.1724,2.4079,-0.7083
1230797610557,5.6960,-7.2964,3.5465,-2.2982,2.4507,-0.6937
1230797610566,5.5285,-7.7391,3.1277,-2.4155,2.4812,-0.6790
1230797610576,5.4016,-8.0549,2.9220,-2.4607,2.5081,-0.6778
1230797610586,5.2413,-8.0310,2.6420,-2.4412,2.4983,-0.6937
1230797610596,5.0954,-7.9329,2.4314,-2.3960,2.4812,-0.6937
1230797610605,5.0188,-8.0765,2.2687,-2.3459,2.4653,-0.6656
1230797610616,4.9685,-8.3636,2.1251,-2.2982,2.4580,-0.6167
1230797610624,4.8656,-8.6603,2.0629,-2.2555,2.4556,-0.5727
1230797610635,4.7245,-8.8398,2.1921,-2.1968,2.4397,-0.5434
1230797610644,4.6766,-8.6292,1.8906,-2.1296,2.4115,-0.5153
1230797610654,4.6718,-8.5072,1.6466,-2.0722,2.3517,-0.4774
1230797610664,4.6622,-8.8446,1.6657,-2.0453,2.3138,-0.4494
1230797610673,4.7292,-9.0503,1.3953,-2.1162,2.2967,-0.4176
1230797610683,4.6455,-9.2274,1.4336,-2.2005,2.3089,-0.3577
1230797610692,4.5235,-9.4404,1.4695,-2.1919,2.2955,-0.3137
1230797610702,4.4110,-9.5552,1.3068,-2.1113,2.2332,-0.2844
1230797610712,4.3081,-9.6055,1.2278,-1.9904,2.1648,-0.2588
1230797610721,4.2890,-9.6366,1.0699,-1.8450,2.0988,-0.2197
1230797610731,4.3057,-9.5170,0.9527,-1.6996,2.0524,-0.1635
1230797610740,4.2938,-9.3614,1.0388,-1.5982,2.0182,-0.1109
1230797610750,4.2579,-9.1221,1.0603,-1.5798,1.9913,-0.0682
1230797610758,4.2315,-8.7656,1.0340,-1.6507,1.9791,-0.0254
1230797610767,4.1765,-8.4186,1.0197,-1.7741,1.9730,0.0186
1230797610777,4.1167,-8.2392,1.0077,-1.8975,1.9668,0.0650
1230797610786,4.0975,-8.2775,0.9550,-2.0123,1.9620,0.1114
1230797610798,4.0664,-8.4521,0.8498,-2.1308,1.9571,0.1542
1230797610808,4.0640,-8.5455,0.6727,-2.2384,1.9449,0.1945
1230797610817,4.0856,-8.6364,0.3521,-2.2933,1.9290,0.2311
1230797610827,4.1239,-8.7536,-0.0116,-2.2933,1.9021,0.2605
1230797610836,4.2172,-8.8422,-0.3203,-2.2982,1.8654,0.2922
1230797610846,4.3320,-8.9020,-0.6122,-2.3104,1.8129,0.3325
1230797610856,4.5211,-8.9857,-0.8779,-2.3239,1.7506,0.3716
1230797610865,4.7101,-9.1389,-1.1339,-2.3324,1.6907,0.4107
1230797610875,4.9015,-9.1652,-1.1650,-2.3263,1.6406,0.4535
1230797610884,5.0188,-9.2107,-1.1578,-2.2603,1.5808,0.4877
1230797610894,4.9972,-9.3136,-0.9712,-2.1980,1.5270,0.5366
1230797610904,4.8417,-9.0934,-0.9018,-2.1614,1.4904,0.5940
1230797610913,4.5043,-8.6507,-0.7199,-2.1125,1.4476,0.6502
1230797610923,4.0640,-8.1530,-0.5452,-2.0636,1.3853,0.7027
1230797610933,3.6477,-7.9114,-0.5070,-2.0038,1.3230,0.7271
1230797610942,3.3127,-7.8994,-0.6888,-1.9610,1.2558,0.7321
1230797610952,3.0447,-8.1961,-0.9760,-2.0087,1.2155,0.7455
1230797610961,2.9203,-8.4067,-1.2176,-2.1296,1.1849,0.7553
1230797610971,2.8174,-8.4138,-1.4258,-2.2848,1.1483,0.7418
1230797610981,2.7695,-8.3923,-1.7704,-2.4094,1.1104,0.7211
1230797610990,2.8485,-8.6699,-1.9044,-2.4925,1.0811,0.6844
1230797611000,2.8461,-8.7273,-1.9283,-2.5181,1.0677,0.6196
1230797611009,2.6355,-8.9259,-1.9044,-2.4534,1.0897,0.5695
1230797611019,2.3340,-9.3327,-1.6077,-2.2897,1.1312,0.5280
1230797611028,2.0110,-9.4834,-1.4354,-2.1369,1.1691,0.4852
1230797611038,1.7909,-9.4045,-1.4426,-1.9622,1.1739,0.4620
1230797611050,1.8196,-9.0384,-1.8182,-1.7790,1.1642,0.4510
1230797611055,1.9392,-8.8470,-2.4619,-1.5762,1.1422,0.4413
1230797611066,2.1067,-9.3686,-2.9500,-1.2585,1.0982,0.3912
1230797611075,2.2431,-10.4047,-3.2276,-0.8138,1.0408,0.2996
1230797611084,2.2814,-10.8593,-3.4693,-0.3068,0.9980,0.2177
1230797611094,2.2359,-10.3855,-3.4262,0.1171,0.9724,0.2006
1230797611105,2.2694,-8.8781,-3.1415,0.3602,0.9345,0.1798
1230797611114,2.5661,-7.5046,-2.9070,0.3688,0.8685,0.1481
1230797611125,2.9897,-6.7867,-2.6725,0.1745,0.8038,0.0980
1230797611132,3.1931,-6.9662,-2.7825,-0.1199,0.7781,0.0308
1230797611144,3.1165,-7.9114,-2.9022,-0.3691,0.7647,0.0100
1230797611153,3.0016,-8.4282,-3.2898,-0.5768,0.7256,0.0369
1230797611163,2.9514,-8.4641,-3.7397,-0.6904,0.6608,0.0772
1230797611173,3.0208,-8.6914,-3.8210,-0.7222,0.5912,0.0992
1230797611180,3.2098,-8.7297,-4.0220,-0.7442,0.5105,0.1138
1230797611192,3.2170,-8.8589,-3.9526,-0.6904,0.4556,0.1004
1230797611202,3.0974,-8.8613,-3.8952,-0.5768,0.4312,0.0931
1230797611211,2.9394,-8.8398,-3.7157,-0.4668,0.4091,0.1053
1230797611221,2.8509,-8.6388,-3.5267,-0.3728,0.3652,0.1102
1230797611231,2.9275,-8.3899,-3.3951,-0.3117,0.3358,0.1297
1230797611240,3.0423,-8.2368,-3.1439,-0.2714,0.3139,0.1273
1230797611250,3.1931,-8.2057,-2.8711,-0.2946,0.3175,0.1273
1230797611259,3.3629,-8.2679,-2.6988,-0.3764,0.3456,0.1762
1230797611269,3.5017,-8.2655,-2.7993,-0.4803,0.4030,0.2458
1230797611278,3.5448,-8.3158,-3.0314,-0.5683,0.4739,0.3154
1230797611339,3.5855,-8.4856,-3.3257,-0.6562,0.5472,0.3875
1230797611340,3.6357,-8.6268,-3.5004,-0.7821,0.5863,0.4547
1230797611340,3.6644,-8.5479,-3.6105,-0.9238,0.5997,0.5072
1230797611341,3.5831,-8.4378,-3.6894,-0.9861,0.5973,0.5146
1230797611342,3.3988,-8.4880,-3.9981,-0.9714,0.5692,0.4755
1230797611343,2.9801,-8.6986,-4.2015,-0.8908,0.5264,0.4462
1230797611344,2.5853,-9.0216,-4.3187,-0.6587,0.4592,0.3631
1230797611353,2.2623,-9.1173,-4.6250,-0.3288,0.3713,0.2519
1230797611364,1.9344,-9.0192,-5.1419,0.0462,0.2919,0.1578
1230797611373,1.6497,-8.6651,-5.2687,0.3566,0.2173,0.0686
1230797611382,1.5300,-8.0980,-5.2902,0.5801,0.0866,-0.0425
1230797611392,1.6784,-7.6984,-5.3405,0.7524,-0.0771,-0.1867
1230797611401,1.9033,-8.1219,-5.3692,0.9906,-0.2383,-0.3492
1230797611411,1.9632,-9.0288,-5.5391,1.3486,-0.3764,-0.5239
1230797611422,1.8172,-9.6438,-5.8310,1.7542,-0.4974,-0.6277
1230797611432,1.6425,-9.7802,-5.7568,2.1171,-0.6611,-0.6387
1230797611441,1.6329,-9.1796,-5.4218,2.3174,-0.8773,-0.6949
1230797611450,2.0517,-8.3828,-4.7566,2.3333,-1.1559,-0.8061
1230797611461,2.8054,-7.9449,-4.6537,2.1757,-1.4039,-0.9124
1230797611470,3.3295,-8.1865,-4.7566,1.9827,-1.5554,-0.9784
1230797611480,3.4276,-9.0647,-4.3092,1.8556,-1.6348,-0.9967
1230797611490,3.3917,-9.9142,-3.8162,1.8141,-1.7423,-0.9832
1230797611499,3.4132,-10.5865,-3.1630,1.8630,-1.8632,-0.9454
1230797611509,3.5496,-10.7277,-2.2920,1.9668,-1.9622,-0.9002
1230797611519,3.7984,-10.5794,-1.7967,2.1219,-2.0160,-0.8379
1230797611528,3.8535,-10.3185,-1.6101,2.2869,-1.9915,-0.7511
1230797611538,3.6716,-10.1750,-1.1243,2.3920,-1.9341,-0.6680
1230797611546,3.4395,-9.9476,-0.7893,2.3748,-1.8840,-0.5825
1230797611557,3.2553,-9.9165,-0.7367,2.3223,-1.8412,-0.4787
1230797611569,3.1117,-10.1630,-0.9473,2.3333,-1.7961,-0.3821
1230797611576,3.1093,-10.3209,-0.8563,2.3578,-1.7618,-0.2979
1230797611586,3.1476,-10.2898,-0.8731,2.3773,-1.7435,-0.2184
1230797611596,3.3175,-10.5028,-0.7917,2.4836,-1.7252,-0.1415
1230797611603,3.4634,-10.8474,-0.4830,2.6192,-1.7130,-0.0584
1230797611614,3.6166,-10.8091,-0.3299,2.7121,-1.6824,0.0442
1230797611623,3.6836,-10.4095,-0.0428,2.7878,-1.6348,0.1444
1230797611634,3.6812,-9.6773,0.1750,2.8819,-1.5859,0.2067
1230797611644,3.6573,-8.9929,0.3473,2.9442,-1.5468,0.2568
1230797611652,3.6620,-8.4545,0.4430,2.9332,-1.5224,0.3130
1230797611663,3.7051,-8.3995,0.4932,2.8916,-1.5040,0.3619
1230797611673,3.8535,-8.5694,0.6942,2.8660,-1.4931,0.3924
1230797611682,3.9348,-8.8781,0.8019,2.8636,-1.4711,0.4095
1230797611691,3.9612,-9.2872,0.8737,2.8477,-1.4503,0.4156
1230797611700,3.9037,-9.2489,1.0508,2.7866,-1.4185,0.4193
1230797611709,3.8295,-8.7249,1.3762,2.7365,-1.4197,0.4327
1230797611719,3.8056,-8.2272,1.4576,2.8183,-1.4393,0.4608
1230797611731,3.8271,-7.9568,1.3762,2.9931,-1.4589,0.4999
1230797611740,3.9013,-8.2822,1.6442,3.1934,-1.4821,0.5219
1230797611750,3.9875,-8.4138,1.9050,3.2618,-1.5187,0.5305
1230797611759,4.0975,-8.1435,2.3884,3.1898,-1.5383,0.5512
1230797611769,4.2339,-7.6912,2.8310,3.1458,-1.5419,0.5781
1230797611778,4.3297,-7.2629,3.3287,3.1519,-1.5138,0.6245
1230797611788,4.2938,-6.7604,3.5034,3.1287,-1.4857,0.6722
1230797611798,4.2052,-6.2651,3.5680,2.9747,-1.4857,0.7027
1230797611807,4.1622,-5.8559,3.6446,2.6888,-1.4967,0.7198
1230797611817,4.1669,-5.7794,3.7116,2.3871,-1.5016,0.7357
1230797611826,4.2004,-6.0833,3.6542,2.1391,-1.4931,0.7430
1230797611836,4.2100,-6.4828,3.4053,1.9314,-1.4747,0.7430
1230797611845,4.3392,-6.7604,3.7403,1.7750,-1.4760,0.7284
1230797611855,4.4445,-6.8083,4.0944,1.7444,-1.4796,0.6820
1230797611864,4.4397,-6.6719,4.1399,1.8068,-1.4674,0.6587
1230797611874,4.4062,-6.4541,4.3122,1.8849,-1.4576,0.6685
1230797611884,4.4206,-6.2531,4.6137,1.9069,-1.4747,0.6648
1230797611894,4.3990,-6.1120,4.6902,1.8898,-1.4857,0.6710
1230797611903,4.5115,-5.6717,5.0803,1.7823,-1.5053,0.6502
1230797611913,4.7843,-5.3630,5.6761,1.5612,-1.5297,0.5854
1230797611922,4.8465,-5.4755,5.7862,1.3901,-1.4882,0.5488
1230797611932,4.7173,-5.6310,5.5110,1.2558,-1.4002,0.5928
1230797611942,4.6311,-5.4037,5.6689,1.0884,-1.3709,0.5854
1230797611951,4.6575,-5.3774,5.8005,0.9638,-1.3697,0.5292
1230797611961,4.6958,-5.5520,5.7718,0.8587,-1.3452,0.4816
1230797611970,4.7484,-5.6765,5.9848,0.7402,-1.2976,0.4400
1230797611980,4.7675,-5.5257,6.0470,0.6376,-1.2573,0.4010
1230797611990,4.9398,-5.4348,6.4466,0.5569,-1.2438,0.3496
1230797611998,4.9494,-5.2912,6.4681,0.4983,-1.1986,0.2824
1230797612007,4.9494,-5.4156,6.4203,0.4458,-1.1204,0.2873
1230797612017,4.9470,-5.4037,6.3724,0.3529,-1.0508,0.2690
1230797612027,5.0595,-5.4468,6.5375,0.2491,-0.9885,0.2043
1230797612039,5.2294,-6.0258,6.7720,0.2039,-0.8944,0.1444
1230797612047,5.2294,-6.2555,6.7170,0.2417,-0.7551,0.0796
1230797612058,5.0379,-5.6836,6.6045,0.2491,-0.6269,0.0589
1230797612067,4.8609,-5.1142,6.8342,0.2613,-0.5389,0.0344
1230797612077,4.8585,-4.9706,6.8940,0.2576,-0.4644,-0.0193
1230797612085,4.8417,-4.7959,6.8318,0.1318,-0.3678,-0.1036
1230797612095,4.8202,-4.8079,6.6476,-0.0490,-0.2567,-0.1378
1230797612105,4.8585,-4.8820,6.8510,-0.2396,-0.1467,-0.1806
1230797612112,5.0284,-5.0041,6.8414,-0.3654,-0.0490,-0.2649
1230797612124,5.1671,-5.3558,6.9156,-0.4351,0.0683,-0.3235
1230797612131,5.2222,-5.5161,6.9108,-0.5194,0.1929,-0.3223
1230797612143,5.3107,-5.3702,7.2554,-0.6611,0.3248,-0.3418
1230797612153,5.3705,-5.4970,7.2936,-0.8028,0.4654,-0.3724
1230797612162,5.2916,-5.9492,7.2482,-0.9470,0.6315,-0.3651
1230797612171,5.2198,-6.1909,7.2051,-1.1046,0.7793,-0.3528
1230797612180,5.0834,-6.1263,7.0831,-1.2427,0.9137,-0.3956
1230797612192,5.0164,-6.3824,6.9132,-1.2671,1.0359,-0.4335
1230797612201,5.0068,-6.4111,6.7505,-1.2903,1.1458,-0.4481
1230797612211,5.0714,-6.2651,6.8869,-1.3294,1.2289,-0.4848
1230797612220,5.0954,-6.3536,6.8869,-1.3880,1.3230,-0.5117
1230797612230,5.0714,-6.4326,6.6978,-1.4870,1.4330,-0.5092
1230797612239,5.0451,-6.4517,6.6236,-1.5945,1.5270,-0.5141
1230797612249,5.0212,-6.4709,6.2934,-1.6910,1.6101,-0.5373
1230797612259,5.0260,-6.6767,6.1738,-1.7643,1.7103,-0.5349
1230797612268,4.9853,-6.7843,5.7886,-1.8315,1.8117,-0.5214
1230797612277,4.8609,-7.0188,5.7670,-1.9171,1.8862,-0.5068
1230797612287,4.6527,-7.4400,5.2358,-1.9378,1.9705,-0.5007
1230797612297,4.4230,-7.4663,4.8410,-1.9403,2.0182,-0.5092
1230797612305,4.2961,-7.2629,4.8051,-1.9415,2.0133,-0.5153
1230797612314,4.3081,-7.0475,4.7860,-1.9904,1.9803,-0.5227
1230797612324,4.3751,-6.8274,4.6735,-2.1027,1.9840,-0.5068
1230797612333,4.3990,-6.6001,4.1399,-2.2530,2.0023,-0.4713
1230797612343,4.3751,-7.0499,3.7905,-2.3654,2.0414,-0.4371
1230797612355,4.3009,-7.6912,3.4364,-2.4558,2.1037,-0.4115
1230797612363,4.2220,-8.2057,3.2809,-2.5279,2.1477,-0.3858
1230797612374,4.0832,-8.6412,3.1612,-2.5218,2.1660,-0.3589
1230797612383,3.9994,-8.9666,2.8813,-2.4473,2.1733,-0.3272
1230797612393,3.8822,-8.9834,2.6468,-2.3630,2.1684,-0.2991
1230797612403,3.8224,-8.7895,2.3884,-2.2567,2.1330,-0.2893
1230797612412,3.8128,-8.6005,2.0581,-2.1602,2.0793,-0.2661
1230797612422,3.8248,-8.6388,1.8524,-2.0722,2.0353,-0.2245
1230797612431,3.8224,-8.7919,1.5126,-2.0392,2.0133,-0.1903
1230797612441,3.7554,-8.7871,1.2924,-2.0869,2.0060,-0.1635
1230797612451,3.6740,-8.7034,1.1728,-2.2029,2.0060,-0.1183
1230797612460,3.6046,-8.6747,0.9479,-2.3300,1.9901,-0.0584
1230797612469,3.4706,-9.0862,1.0412,-2.4094,1.9668,0.0149
1230797612480,3.2577,-9.6844,1.0077,-2.4399,1.9131,0.0577
1230797612489,3.1763,-10.1678,0.5339,-2.3874,1.8251,0.0625
1230797612498,3.1572,-10.2252,0.1199,-2.2775,1.7213,0.0662
1230797612508,3.1237,-9.9859,0.0745,-2.1687,1.6101,0.0967
1230797612518,3.0854,-9.6079,0.1439,-2.1052,1.5160,0.1444
1230797612527,3.0591,-9.1867,0.1870,-2.0979,1.4464,0.1823
1230797612536,3.0088,-8.7130,0.1343,-2.1565,1.4159,0.2104
1230797612547,2.9035,-8.2751,-0.0021,-2.2493,1.4097,0.2348
1230797612554,2.8222,-7.9496,-0.1504,-2.3764,1.4012,0.2580
1230797612567,2.7791,-7.8779,-0.3275,-2.5084,1.3768,0.2886
1230797612573,2.6953,-7.9496,-0.4735,-2.6928,1.3474,0.3130
1230797612585,2.6307,-8.1315,-0.5261,-2.8834,1.3108,0.3240
1230797612593,2.5948,-8.4378,-0.6505,-2.9910,1.2680,0.3277
1230797612602,2.4704,-8.6005,-1.1746,-2.9409,1.2301,0.3081
1230797612612,2.2838,-9.2513,-1.5789,-2.6586,1.1984,0.2641
1230797612622,2.1665,-10.3090,-2.0360,-2.1785,1.1361,0.1847
1230797612632,2.1450,-11.1967,-2.2370,-1.6947,1.0628,0.1102
1230797612642,2.1641,-11.9217,-2.3758,-1.1437,0.9650,0.0723
1230797612652,2.1881,-12.1945,-2.3231,-0.5231,0.8722,0.0283
1230797612662,2.2455,-11.2948,-1.8111,-0.0539,0.7977,-0.0059
1230797612672,2.4274,-9.6797,-1.1698,0.1476,0.7329,0.0161
1230797612681,2.8222,-7.8133,-0.1217,0.0181,0.6950,0.0369
1230797612691,3.2122,-5.9349,0.4645,-0.3532,0.7549,-0.0181
1230797612700,3.4036,-5.5329,0.4526,-0.7039,0.8429,-0.0547
1230797612710,3.3127,-6.4972,-0.0188,-1.0203,0.8978,-0.0352
1230797612720,3.0016,-7.9185,-0.6577,-1.2390,0.9149,-0.0132
1230797612729,2.8174,-9.2729,-1.2487,-1.2891,0.9076,0.0015
1230797612739,2.7982,-9.9788,-1.7321,-1.2573,0.8697,0.0015
1230797612749,2.9514,-9.7634,-1.8948,-1.2487,0.8245,0.0112
1230797612758,3.1596,-9.1819,-1.7584,-1.2158,0.8013,0.0112
1230797612767,3.3223,-8.8541,-1.5215,-1.0997,0.8062,0.0198
1230797612777,3.2768,-8.8613,-1.4426,-0.9885,0.8258,0.0332
1230797612787,3.0878,-9.0982,-1.4761,-0.8688,0.8404,0.0247
1230797612797,2.8772,-9.2801,-1.6268,-0.7344,0.8380,0.0112
1230797612806,2.7480,-9.1676,-1.8374,-0.6330,0.8062,0.0039
1230797612815,2.7025,-8.8182,-1.8685,-0.5658,0.7671,-0.0034
1230797612825,2.7432,-8.4617,-1.9427,-0.5316,0.7329,-0.0242
1230797612835,2.7599,-8.4210,-2.3782,-0.4803,0.7109,-0.0572
1230797612845,2.6260,-9.0910,-2.7682,-0.3325,0.6950,-0.1256
1230797612854,2.4369,-10.0099,-2.9213,-0.1223,0.6645,-0.2099
1230797612864,2.2335,-10.3688,-3.0218,0.0524,0.6107,-0.2551
1230797612872,2.1019,-9.9261,-2.9429,0.1806,0.5411,-0.2673
1230797612883,2.2359,-9.0264,-2.8304,0.2344,0.4470,-0.2844
1230797612893,2.5996,-8.8278,-2.8902,0.2613,0.3468,-0.3076
1230797612901,2.8270,-9.5193,-2.9429,0.2808,0.2858,-0.3382
1230797612911,2.7599,-10.1439,-2.8424,0.3126,0.2821,-0.3651
1230797612920,2.5135,-10.3257,-2.8854,0.4262,0.2711,-0.3785
1230797612929,2.3029,-10.1702,-3.1319,0.6315,0.2283,-0.3870
1230797612942,2.2383,-10.1845,-3.5315,0.9235,0.1526,-0.4103
1230797612950,2.2144,-10.4047,-3.9191,1.2619,0.0658,-0.4591
1230797612960,2.1976,-10.6009,-4.1895,1.5869,-0.0197,-0.4995
1230797612970,2.1594,-10.7756,-4.2350,1.8288,-0.1443,-0.5092
1230797612979,2.1330,-10.3329,-4.2326,1.9191,-0.2762,-0.5239
1230797612989,2.1259,-9.5624,-4.0029,1.8935,-0.4155,-0.5275
1230797612999,2.2790,-8.8805,-3.6320,1.7909,-0.6049,-0.5239
1230797613008,2.6355,-8.8661,-3.6894,1.7408,-0.8248,-0.5178
1230797613018,2.9681,-9.7108,-4.2087,1.7884,-1.0105,-0.4567
1230797613027,3.1021,-10.6248,-4.1632,1.8190,-1.1669,-0.3626
1230797613036,3.1691,-10.9024,-3.6152,1.7408,-1.3709,-0.2478
1230797613046,3.4443,-10.8019,-3.1654,1.7005,-1.6177,-0.1305
1230797613059,3.8080,-10.8665,-3.1654,1.7689,-1.8425,-0.0364
1230797613064,3.9970,-11.3116,-3.1271,1.9179,-2.0172,0.0235
1230797613073,3.8750,-11.5604,-2.9907,2.0242,-2.1442,0.0674
1230797613084,3.5879,-11.3211,-2.7538,2.0878,-2.2310,0.1065
1230797613094,3.1883,-10.7469,-2.3303,2.1562,-2.3067,0.1493
1230797613103,2.8509,-9.7849,-1.5526,2.1708,-2.3800,0.1969
1230797613112,2.7145,-9.1221,-0.8132,2.2197,-2.4851,0.2336
1230797613123,2.7384,-8.9259,-0.5548,2.2991,-2.5633,0.2641
1230797613131,2.7719,-8.9044,-0.4113,2.3578,-2.5596,0.2959
1230797613142,2.7169,-8.7441,0.0769,2.3443,-2.5291,0.3289
1230797613152,2.6618,-8.7273,0.8210,2.3211,-2.5144,0.3643
1230797613161,2.6762,-8.8972,0.9814,2.3040,-2.5034,0.4156
1230797613171,2.7599,-9.2011,1.0675,2.2930,-2.4607,0.4852
1230797613180,2.8126,-9.2537,1.3475,2.2356,-2.3984,0.5573
1230797613190,2.8365,-8.8565,1.5556,2.1476,-2.3397,0.6172
1230797613200,2.9035,-8.4713,1.8835,2.1329,-2.2933,0.6648
1230797613208,3.0232,-8.3828,2.1299,2.1953,-2.2517,0.6978
1230797613217,3.2457,-8.6795,2.2065,2.2600,-2.1943,0.7271
1230797613227,3.3869,-8.8039,2.1036,2.2539,-2.1186,0.7553
1230797613237,3.4060,-8.5670,2.3525,2.1574,-2.0160,0.7834
1230797613249,3.3629,-8.2081,2.8191,2.0609,-1.9268,0.7956
1230797613257,3.3917,-7.7654,2.9554,1.9949,-1.8681,0.7809
1230797613266,3.4299,-7.6601,3.1134,2.0132,-1.8229,0.7443
1230797613277,3.5017,-8.0406,3.5249,2.1195,-1.7777,0.7174
1230797613287,3.7003,-8.7800,3.8312,2.3052,-1.7557,0.7223
1230797613296,4.0186,-9.4404,3.6063,2.5300,-1.7276,0.7333
1230797613306,4.2076,-9.4404,3.1253,2.7279,-1.6812,0.7516
1230797613315,4.2004,-8.8206,2.8215,2.9039,-1.6311,0.7736
1230797613325,4.1980,-7.7893,2.7305,3.0065,-1.6421,0.7699
1230797613335,4.3249,-6.4063,2.7832,2.9075,-1.6934,0.7589
1230797613344,4.5330,-5.3199,2.9913,2.6546,-1.7496,0.7699
1230797613354,4.9087,-5.0854,3.6637,2.2759,-1.7618,0.8102
1230797613364,5.2126,-5.4085,3.6039,1.7970,-1.6726,0.8664
1230797613372,5.2006,-6.2986,3.8934,1.4268,-1.5004,0.9007
1230797613383,4.8872,-7.3275,4.1279,1.1935,-1.3623,0.8958
1230797613392,4.4804,-8.2057,4.3409,1.1263,-1.3159,0.8701
1230797613402,4.3009,-8.4713,4.0729,1.1983,-1.3672,0.8200
1230797613412,4.3368,-7.6745,3.9748,1.2985,-1.4808,0.7259
1230797613421,4.6575,-6.3656,3.9628,1.3975,-1.6079,0.6331
1230797613431,5.0810,-5.4491,3.9892,1.4549,-1.6580,0.5977
1230797613441,5.3466,-4.8198,4.2428,1.3107,-1.5932,0.6062
1230797613449,5.4040,-4.7983,4.7070,1.0102,-1.4320,0.6050
1230797613460,5.2054,-5.1812,5.0444,0.6754,-1.2438,0.5964
1230797613469,4.8633,-5.9014,5.4105,0.4421,-1.0752,0.5818
1230797613479,4.6622,-6.3895,5.8077,0.3517,-1.0178,0.5219
1230797613489,4.7292,-6.1143,5.9728,0.3431,-1.0349,0.4156
1230797613498,4.9733,-5.3821,6.0398,0.3639,-1.0520,0.2739
1230797613508,5.2557,-4.7409,5.8747,0.3688,-1.0129,0.1517
1230797613517,5.4615,-4.5495,5.8388,0.2967,-0.9030,0.0760
1230797613525,5.5691,-4.4944,5.7909,0.1538,-0.7539,0.0088
1230797613535,5.5739,-4.4705,6.0302,0.0206,-0.5902,-0.0792
1230797613544,5.5787,-4.6643,6.2264,-0.0698,-0.4338,-0.1427
1230797613554,5.6385,-4.9873,6.4777,-0.1260,-0.2787,-0.1745
1230797613564,5.7534,-4.9395,6.6691,-0.2225,-0.1345,-0.2221
1230797613576,5.9089,-4.8773,7.0472,-0.3398,0.0206,-0.3089
1230797613582,6.0644,-4.9945,7.0759,-0.5011,0.1880,-0.3858
1230797613592,6.1195,-5.2242,6.9539,-0.6880,0.3664,-0.4420
1230797613602,6.2056,-5.4539,6.8605,-0.8749,0.5325,-0.5129
1230797613612,6.2008,-5.7243,6.4729,-1.0130,0.6987,-0.5825
1230797613621,6.1338,-5.9110,6.0685,-1.1058,0.8746,-0.6314
1230797613632,6.0166,-5.8511,5.5660,-1.1852,1.0237,-0.6961
1230797613642,5.9951,-6.0043,5.1377,-1.2610,1.1691,-0.7365
1230797613651,5.9424,-6.3680,4.7740,-1.3612,1.3218,-0.7352
1230797613662,5.8323,-6.5594,4.4821,-1.4699,1.4684,-0.7401
1230797613671,5.6409,-6.5163,4.3265,-1.5921,1.5991,-0.7694
1230797613681,5.4447,-6.6886,4.0394,-1.6996,1.7017,-0.7890
1230797613690,5.3514,-6.9590,3.8839,-1.8083,1.7811,-0.7731
1230797613699,5.2581,-6.9973,3.4053,-1.9549,1.8374,-0.7597
1230797613710,5.2557,-7.2246,3.3215,-2.0832,1.8838,-0.7597
1230797613719,5.2652,-7.6434,3.0153,-2.1870,1.9424,-0.7303
1230797613729,5.2054,-7.9544,2.8095,-2.3104,2.0206,-0.6888
1230797613739,5.0571,-8.1746,2.6133,-2.3935,2.0963,-0.6607
1230797613748,4.8848,-8.4186,2.3429,-2.4277,2.1636,-0.6228
1230797613757,4.6670,-8.7489,1.9505,-2.4277,2.2185,-0.5666
1230797613767,4.4780,-8.9570,1.6203,-2.4192,2.2540,-0.5165
1230797613776,4.3081,-9.0312,1.3618,-2.3996,2.2674,-0.4848
1230797613786,4.1095,-9.1532,1.1489,-2.3691,2.2540,-0.4481
1230797613796,3.9803,-9.2585,0.8928,-2.3361,2.2381,-0.4005
1230797613806,3.8152,-9.3590,0.7086,-2.2872,2.2185,-0.3602
1230797613815,3.6740,-9.5816,0.4645,-2.2298,2.1904,-0.3211
1230797613825,3.5328,-9.8113,0.3880,-2.2017,2.1342,-0.2856
1230797613832,3.4108,-9.9237,0.2133,-2.1858,2.0585,-0.2502
1230797613842,3.3462,-10.1175,0.0960,-2.1516,1.9693,-0.2050
1230797613852,3.2744,-10.4836,0.0482,-2.0404,1.8728,-0.1671
1230797613861,3.2577,-10.6152,0.0362,-1.9610,1.7824,-0.1305
1230797613873,3.2481,-10.3879,-0.0834,-1.9439,1.7030,-0.0633
1230797613883,3.2888,-10.3592,-0.0643,-1.8840,1.6431,0.0283
1230797613892,3.3558,-10.3855,-0.2414,-1.7423,1.5967,0.0870
1230797613902,3.3271,-10.3736,-0.4974,-1.5640,1.5600,0.1261
1230797613911,3.2289,-10.4334,-0.4352,-1.4173,1.5038,0.1615
1230797613921,3.1620,-10.3090,-0.4208,-1.3746,1.4232,0.2055
1230797613930,3.1189,-9.8280,-0.3155,-1.5016,1.3267,0.2678
1230797613940,3.1189,-9.3853,0.0697,-1.6739,1.2436,0.3411
1230797613950,3.2601,-9.0910,0.2898,-1.8474,1.1996,0.4119
1230797613959,3.3103,-9.0240,0.3425,-2.0074,1.2240,0.4633
1230797613969,3.1332,-9.2011,0.3281,-2.1259,1.2839,0.4950
1230797613979,2.8270,-9.5457,0.3233,-2.2225,1.3316,0.5317
1230797613988,2.5302,-9.4619,0.1678,-2.3324,1.3413,0.5793
1230797613998,2.2718,-9.2202,0.0841,-2.3666,1.3218,0.6270
1230797614007,2.1785,-8.8757,-0.1432,-2.3153,1.2692,0.6551
1230797614017,2.2048,-8.6436,-0.3658,-2.2860,1.2350,0.6832
1230797614027,2.2383,-8.5096,-0.6529,-2.3263,1.2179,0.7333
1230797614036,2.2120,-8.6220,-0.8156,-2.3740,1.2069,0.7797
1230797614047,2.0756,-8.9714,-0.9712,-2.3336,1.1984,0.7944
1230797614054,1.8674,-9.7060,-1.1817,-2.2029,1.1788,0.7638
1230797614063,1.7023,-10.3736,-1.4210,-2.0673,1.1458,0.7052
1230797614075,1.6688,-10.3066,-1.6747,-2.0001,1.1129,0.6624
1230797614083,1.7334,-9.6390,-1.6794,-2.0197,1.0921,0.6587
1230797614092,1.8938,-8.6699,-1.7895,-2.0759,1.0835,0.6294
1230797614102,2.0349,-7.9712,-1.8565,-2.0991,1.0933,0.5537
1230797614111,2.0612,-7.7965,-1.8948,-2.0869,1.1006,0.4706
1230797614122,1.9751,-7.9832,-1.9762,-2.0746,1.1104,0.4217
1230797614132,1.8315,-8.3229,-2.1556,-2.0465,1.1092,0.4022
1230797614140,1.7478,-8.6053,-2.5409,-1.9757,1.0921,0.3826
1230797614150,1.6856,-8.8900,-2.9572,-1.8572,1.0738,0.3594
1230797614159,1.6497,-8.9929,-3.0649,-1.7497,1.0322,0.3277
1230797614169,1.7215,-9.1102,-3.1989,-1.6788,0.9760,0.2959
1230797614180,1.7837,-9.1819,-3.5459,-1.6055,0.9394,0.2788
1230797614190,1.7741,-9.2322,-3.8545,-1.4699,0.9113,0.2531
1230797614200,1.7478,-9.2131,-3.9239,-1.2781,0.8624,0.2104
1230797614209,1.8555,-8.9738,-4.2015,-1.1009,0.8099,0.1639
1230797614219,1.9560,-8.9211,-4.4336,-0.9103,0.7537,0.1126
1230797614229,1.9871,-8.8374,-4.5149,-0.7808,0.7060,0.0748
1230797614238,2.0373,-8.6795,-4.6824,-0.7173,0.6645,0.0601
1230797614246,2.0732,-8.4330,-4.7518,-0.6782,0.6083,0.0430
1230797614257,2.1713,-8.4091,-4.8380,-0.6342,0.5277,0.0283
1230797614267,2.1546,-8.5622,-4.9002,-0.5292,0.4568,0.0100
1230797614277,2.0636,-8.7871,-4.9887,-0.3447,0.4055,-0.0059
1230797614286,2.0278,-9.0121,-5.1538,-0.0686,0.3432,-0.0621
1230797614296,1.9655,-8.9905,-5.2926,0.2283,0.2968,-0.1427
1230797614305,2.0397,-9.3590,-5.5582,0.6107,0.2454,-0.1940
1230797614315,1.9679,-9.3518,-5.5343,1.0249,0.1990,-0.2539
1230797614324,1.7645,-8.9570,-5.5032,1.4109,0.1440,-0.3089
1230797614334,1.6090,-8.5024,-5.3620,1.7884,0.0817,-0.3638
1230797614343,1.5612,-7.9568,-5.4027,1.9998,-0.0148,-0.4322
1230797614353,1.5683,-7.5165,-5.3500,2.0034,-0.1492,-0.4811
1230797614362,1.5372,-7.3849,-5.2065,1.8898,-0.2836,-0.5117
1230797614371,1.4774,-7.8061,-4.9409,1.7811,-0.4033,-0.5630
1230797614381,1.4008,-8.6986,-4.7853,1.8019,-0.5267,-0.6302
1230797614392,1.3984,-9.6940,-4.5484,1.9558,-0.6830,-0.6766
1230797614401,1.5013,-10.4860,-4.2565,2.1537,-0.8382,-0.6705
1230797614411,1.6760,-10.7923,-4.1177,2.3748,-0.9812,-0.6277
1230797614420,1.7980,-10.8139,-3.8737,2.6131,-1.1033,-0.5789
1230797614430,1.8818,-10.5506,-3.4932,2.7682,-1.1986,-0.5178
1230797614440,1.9009,-10.2420,-3.1104,2.8342,-1.2841,-0.4432
1230797614450,1.9081,-9.9740,-2.8089,2.8159,-1.3550,-0.3626
1230797614457,1.9416,-10.0458,-2.4212,2.7450,-1.4210,-0.2881
1230797614466,1.9512,-10.2970,-1.9738,2.6791,-1.4882,-0.2270
1230797614476,2.0038,-10.5937,-1.5885,2.6363,-1.5456,-0.1622
1230797614486,2.0708,-10.8689,-1.2224,2.6436,-1.5945,-0.0914
1230797614495,2.1594,-11.2470,-0.9855,2.7096,-1.6433,-0.0095
1230797614508,2.2503,-11.2278,-0.6098,2.7377,-1.6665,0.0760
1230797614517,2.3891,-11.1632,-0.1361,2.7658,-1.6934,0.1590
1230797614526,2.5685,-11.2063,-0.0715,2.8526,-1.7240,0.2348
1230797614535,2.7408,-11.2733,-0.0954,2.9552,-1.7313,0.3142
1230797614545,2.8748,-11.2302,0.0721,3.0383,-1.7178,0.4095
1230797614554,2.9227,-11.0077,0.2587,3.0761,-1.7178,0.5268
1230797614563,2.9298,-10.5674,0.5650,3.0774,-1.7056,0.6502
1230797614573,2.8461,-10.1821,0.7876,3.0871,-1.6751,0.7381
1230797614582,2.8222,-10.0123,1.0771,3.0822,-1.6238,0.7992
1230797614592,2.9179,-10.4908,1.0579,3.1445,-1.5334,0.8506
1230797614601,3.0256,-11.5389,1.0436,3.4145,-1.4686,0.8811
1230797614613,3.1787,-12.5845,1.0986,3.7359,-1.3953,0.9483
1230797614622,3.1189,-12.5152,0.7971,4.0437,-1.3428,1.0643
1230797614631,2.8198,-10.7827,1.2207,4.3394,-1.3880,1.1938
1230797614641,2.6260,-8.2894,2.1491,4.5483,-1.5138,1.2989
1230797614651,2.5829,-6.0593,2.7832,4.5788,-1.6507,1.3686
1230797614661,2.7623,-5.1453,3.6183,4.3589,-1.6873,1.4504
1230797614670,3.1093,-5.7458,4.2547,3.8739,-1.5993,1.5934
1230797614679,3.3366,-6.9949,4.5706,3.2398,-1.4271,1.7277
1230797614689,3.2361,-7.7319,4.5969,2.6742,-1.2548,1.7705
1230797614699,2.7863,-7.8731,4.5108,2.3785,-1.1326,1.7681
1230797614709,2.2311,-8.0023,4.9295,2.4066,-1.1070,1.8157
1230797614718,1.8459,-7.9090,5.0133,2.5264,-1.1766,1.9098
1230797614728,1.7263,-7.6649,5.1544,2.6339,-1.3074,1.9672
1230797614737,1.8411,-7.3036,5.4655,2.7206,-1.4112,1.9501
1230797614747,2.1115,-6.7484,5.3602,2.7292,-1.4564,1.9000
1230797614757,2.1953,-6.1622,5.3291,2.6363,-1.4393,1.8890
1230797614764,2.2790,-5.5736,5.4679,2.4189,-1.3941,1.9196
1230797614774,2.1785,-5.1022,5.3315,2.1464,-1.3721,1.9501
1230797614784,1.9871,-4.9921,5.3555,1.8666,-1.3611,1.9831
1230797614793,1.7909,-4.9275,5.3435,1.5587,-1.3733,1.9843
1230797614803,1.7430,-4.9706,5.2813,1.2997,-1.4088,1.9574
1230797614814,1.6856,-5.4850,5.2286,1.1605,-1.4650,1.9305
1230797614824,1.6999,-6.1909,5.0779,1.1177,-1.5248,1.8939
1230797614834,1.7454,-6.4876,5.1329,1.1153,-1.5945,1.8194
1230797614843,1.9057,-6.4852,5.5182,1.2130,-1.6812,1.7424
1230797614853,1.9942,-6.1024,5.4823,1.3535,-1.7716,1.6935
1230797614862,2.0349,-5.5927,5.1568,1.4561,-1.8498,1.6667
1230797614871,2.1857,-4.9730,5.2621,1.4659,-1.9097,1.6251
1230797614881,2.3771,-4.6547,5.3650,1.4390,-1.9365,1.5750
1230797614891,2.6116,-4.7433,5.4105,1.4488,-1.9427,1.5274
1230797614901,2.8581,-5.2434,5.9225,1.4781,-1.9390,1.5274
1230797614910,3.0327,-5.7626,6.2408,1.5722,-1.9378,1.5262
1230797614920,3.2409,-5.8320,6.7481,1.6712,-1.9585,1.5030
1230797614929,3.4658,-5.0376,7.1190,1.7017,-1.9964,1.4675
1230797614939,3.7721,-3.9656,7.5473,1.6467,-2.0013,1.4101
1230797614949,3.9205,-2.9702,7.8081,1.5148,-1.9622,1.3576
1230797614958,4.1047,-2.6184,7.9038,1.2936,-1.8804,1.2977
1230797614968,4.2722,-2.2045,8.0330,1.0200,-1.7777,1.1963
1230797614977,4.4421,-1.8408,8.5451,0.7695,-1.6580,1.0643
1230797614988,4.7173,-1.9437,8.7676,0.6315,-1.5334,0.9263
1230797614997,4.9183,-2.0777,9.0547,0.5337,-1.3868,0.7907
1230797615006,5.0355,-2.0585,9.2629,0.4678,-1.2182,0.6514
1230797615016,5.0834,-1.7475,9.3395,0.3908,-1.0532,0.4889
1230797615026,5.1480,-1.5369,9.4304,0.2930,-0.8834,0.3215
1230797615035,5.2628,-1.5130,9.3012,0.1281,-0.7050,0.1481
1230797615044,5.3275,-1.8743,9.0619,-0.0429,-0.5255,-0.0144
1230797615053,5.4375,-2.6974,9.3419,-0.1785,-0.3422,-0.1451
1230797615064,5.3945,-3.2119,9.0284,-0.2616,-0.1846,-0.2685
1230797615072,5.2126,-3.4416,9.2246,-0.2665,-0.0551,-0.3748
1230797615081,5.0762,-3.2789,8.7317,-0.1993,0.0243,-0.4750
1230797615091,5.1049,-2.8529,8.7245,-0.2030,0.0866,-0.6155
1230797615102,5.0738,-2.4820,8.5882,-0.2909,0.1685,-0.7401
1230797615111,4.9446,-2.5443,8.0043,-0.4522,0.2699,-0.8427
1230797615122,4.8106,-2.6160,7.7100,-0.6196,0.3530,-0.9576
1230797615131,4.6503,-2.6184,7.6789,-0.7650,0.4104,-1.0834
1230797615141,4.5570,-2.6089,7.2697,-0.8810,0.4348,-1.2081
1230797615151,4.6264,-2.4964,7.5401,-1.0350,0.4250,-1.3449
1230797615160,5.1145,-3.1568,7.5401,-1.1889,0.4238,-1.4451
1230797615170,5.5715,-3.7215,7.5329,-1.3660,0.4727,-1.5159
1230797615177,5.6840,-4.0781,7.6765,-1.5200,0.5631,-1.5342
1230797615189,5.7342,-4.5782,8.1742,-1.7142,0.6510,-1.5367
1230797615199,5.7342,-4.7816,8.2244,-1.9842,0.7500,-1.5574
1230797615209,5.6983,-5.0448,8.1000,-2.2542,0.8820,-1.5550
1230797615218,5.6505,-5.5975,7.8368,-2.4766,1.0017,-1.5098
1230797615227,5.6553,-6.2890,7.5066,-2.6953,1.1178,-1.4683
1230797615237,5.5548,-6.8178,7.1237,-2.8443,1.2582,-1.4524
1230797615246,5.2533,-6.9901,6.7409,-2.8834,1.4049,-1.4292
1230797615256,4.9135,-7.2581,6.5064,-2.8260,1.5124,-1.3815
1230797615266,4.6359,-7.9496,6.6882,-2.7417,1.5954,-1.2984
1230797615276,4.3751,-7.9185,6.2791,-2.7197,1.6675,-1.2239
1230797615285,4.1239,-7.5548,6.1427,-2.6452,1.7347,-1.1934
1230797615295,3.9181,-7.5572,6.2097,-2.5206,1.7909,-1.1567
1230797615304,3.7697,-7.4113,5.8555,-2.5230,1.8422,-1.1103
1230797615312,3.6644,-7.0715,5.5756,-2.6550,1.9241,-1.0651
1230797615324,3.5089,-6.8896,5.3722,-2.7943,2.0206,-1.0248
1230797615333,3.3271,-6.9494,4.9726,-2.9360,2.1086,-0.9771
1230797615343,3.1404,-7.1337,4.7190,-3.1241,2.1892,-0.9258
1230797615353,3.0303,-7.5453,4.5180,-3.2988,2.2540,-0.8733
1230797615362,2.9992,-8.1147,4.2739,-3.3990,2.3028,-0.8049
1230797615370,2.9657,-8.6795,3.9772,-3.4063,2.3419,-0.7230
1230797615380,2.8772,-9.1078,3.7570,-3.3269,2.3664,-0.6485
1230797615389,2.7839,-9.4428,3.4364,-3.1547,2.3712,-0.5837
1230797615399,2.6977,-9.6222,3.0655,-2.9616,2.3456,-0.5202
1230797615408,2.6355,-9.6773,2.8191,-2.7869,2.3138,-0.4579
1230797615420,2.6068,-9.5552,2.4888,-2.6831,2.2735,-0.4005
1230797615429,2.5733,-9.3853,2.2520,-2.6770,2.2295,-0.3369
1230797615439,2.5661,-9.3064,1.9552,-2.7674,2.1831,-0.2588
1230797615449,2.6212,-9.2848,1.7160,-2.9360,2.1379,-0.1683
1230797615458,2.6140,-9.4500,1.4552,-3.1192,2.1037,-0.0731
1230797615468,2.5877,-9.6701,1.1824,-3.2451,2.0719,0.0063
1230797615477,2.4274,-10.0242,0.9120,-3.2426,2.0536,0.0577
1230797615487,2.2503,-10.3736,0.6153,-3.1217,2.0047,0.0894
1230797615496,2.0278,-10.6224,0.4693,-2.9360,1.9314,0.1187
1230797615506,1.8698,-10.5411,0.3760,-2.7271,1.8276,0.1530
1230797615516,1.7645,-10.2994,0.2898,-2.5377,1.7298,0.2079
1230797615525,1.6449,-9.9788,0.3688,-2.4021,1.6480,0.2764
1230797615535,1.5420,-9.4810,0.2683,-2.3508,1.5979,0.3362
1230797615544,1.5133,-9.1054,-0.0380,-2.3117,1.5625,0.3753
1230797615554,1.4630,-9.1772,-0.3562,-2.2420,1.5295,0.3826
1230797615564,1.3482,-9.3375,-0.6529,-2.2054,1.5050,0.3814
1230797615571,1.2573,-9.5672,-0.9353,-2.1809,1.4818,0.4071
1230797615581,1.1927,-9.9620,-1.0358,-2.1003,1.4354,0.4498
1230797615591,1.1783,-10.0146,-1.1650,-2.0319,1.3719,0.4706
1230797615601,1.1544,-9.7299,-1.2607,-1.9732,1.3096,0.4840
1230797615611,1.1089,-9.2513,-1.3038,-1.9134,1.2595,0.4926
1230797615621,1.0395,-8.6603,-1.4330,-1.8743,1.2387,0.4840
1230797615631,0.8768,-8.3158,-1.4593,-1.8682,1.2375,0.4706
1230797615640,0.7715,-8.1100,-1.7297,-1.9146,1.2375,0.4535
1230797615650,0.7619,-8.2200,-2.2800,-1.9989,1.2387,0.4608
1230797615658,0.7931,-8.7082,-2.4930,-2.0954,1.2069,0.4938
1230797615668,0.8505,-9.1796,-2.5624,-2.2530,1.1422,0.5280
1230797615677,0.9031,-9.3159,-3.0625,-2.4485,1.0823,0.5915
1230797615687,0.8840,-9.8448,-3.3688,-2.5585,1.0616,0.6832
1230797615697,0.6782,-10.3640,-3.2659,-2.7234,1.0506,0.7577
1230797615708,0.4437,-9.9476,-3.1271,-3.0288,1.0371,0.8005
1230797615718,0.2738,-9.1102,-3.0625,-3.2121,1.0188,0.8053
1230797615727,0.2140,-8.1841,-3.1630,-3.2683,1.0078,0.7785
1230797615737,0.0632,-7.4567,-3.3568,-3.2915,1.0090,0.7296
1230797615747,-0.0947,-7.3514,-3.6129,-3.2622,0.9895,0.6917
1230797615756,-0.1378,-7.9712,-4.1752,-3.1339,0.9394,0.6539
1230797615766,-0.0827,-8.3947,-4.6753,-2.9763,0.8771,0.6086
1230797615775,0.0417,-8.4904,-5.1921,-2.7759,0.8038,0.5598
1230797615785,0.1757,-8.5120,-5.6826,-2.4742,0.7378,0.4975
1230797615795,0.1566,-8.8063,-6.0272,-2.0429,0.6791,0.4144
1230797615804,-0.1306,-9.0049,-6.1588,-1.5469,0.6400,0.3167
1230797615814,-0.4297,-8.6603,-6.0583,-1.0350,0.5961,0.2153
1230797615823,-0.5302,-7.8204,-5.7712,-0.6074,0.5374,0.0760
1230797615832,-0.3986,-6.8059,-5.5941,-0.3618,0.4727,-0.0743
1230797615843,-0.1593,-6.5833,-5.4266,-0.2775,0.4189,-0.1940
1230797615852,0.1733,-6.7006,-5.4290,-0.2812,0.3725,-0.2942
1230797615862,0.3528,-7.0739,-5.7999,-0.2665,0.3346,-0.3846
1230797615871,0.3025,-7.6171,-6.2426,-0.1492,0.3163,-0.4469
1230797615881,0.1972,-7.9927,-6.3622,0.0585,0.2662,-0.5141
1230797615891,0.2714,-8.0573,-6.5082,0.3248,0.1843,-0.5740
1230797615900,0.2786,-7.9664,-6.4483,0.6107,0.1001,-0.6326
1230797615910,0.2475,-7.9305,-6.5417,0.8587,0.0182,-0.6741
1230797615920,0.4413,-7.7128,-6.4627,1.0187,-0.0685,-0.7035
1230797615929,0.6016,-7.1552,-6.5177,1.0652,-0.1675,-0.7536
1230797615939,0.7835,-7.2366,-6.6972,1.0212,-0.2652,-0.7792
1230797615948,0.9725,-7.6625,-6.5177,0.9686,-0.3776,-0.8061
1230797615958,0.9821,-7.8826,-6.3478,0.9381,-0.4754,-0.8342
1230797615966,0.9964,-8.1195,-6.2210,0.9931,-0.5707,-0.8293
1230797615975,1.1472,-8.4976,-6.1492,1.1702,-0.6916,-0.8537
1230797615985,1.2285,-8.9977,-6.6996,1.4561,-0.8040,-0.9014
1230797615994,0.9318,-9.3112,-6.4938,1.7371,-0.8785,-0.9515
1230797616005,0.6806,-8.7273,-6.1014,1.9008,-0.9836,-1.0052
1230797616016,0.9677,-8.5526,-5.4745,1.9998,-1.1363,-1.0517
1230797616025,1.4200,-8.5622,-5.1897,2.0572,-1.2597,-1.1115
1230797616035,1.5157,-8.8182,-4.6824,2.1207,-1.3354,-1.1530
1230797616043,1.4248,-8.8972,-4.4264,2.1977,-1.3953,-1.1555
1230797616053,1.3697,-8.9594,-4.2063,2.2771,-1.4662,-1.1396
1230797616062,1.3889,-9.1485,-3.8091,2.3516,-1.5529,-1.1189
1230797616071,1.5947,-9.5648,-3.6942,2.4616,-1.6445,-1.0920
1230797616082,1.7813,-10.1295,-3.6392,2.6094,-1.7178,-1.0639
1230797616091,1.8387,-10.3568,-3.1965,2.7035,-1.7631,-1.0113
1230797616101,1.9153,-10.3879,-2.8735,2.7609,-1.8119,-0.9307
1230797616110,2.0852,-10.3281,-2.4451,2.7915,-1.8461,-0.8159
1230797616121,2.2192,-9.9979,-2.1006,2.7646,-1.8412,-0.7181
1230797616130,2.3221,-9.7155,-1.8972,2.6681,-1.8437,-0.6021
1230797616140,2.4250,-9.6533,-1.6460,2.5496,-1.8278,-0.4848
1230797616150,2.4250,-9.5959,-1.7225,2.3748,-1.8070,-0.3675
1230797616160,2.4274,-9.5983,-1.7919,2.2111,-1.7814,-0.2539
1230797616169,2.4058,-9.6964,-1.6986,2.0755,-1.7509,-0.1366
1230797616177,2.4274,-9.7371,-1.5335,1.9851,-1.7460,-0.0474
1230797616189,2.4776,-9.9429,-1.4258,1.9583,-1.7716,0.0308
1230797616198,2.6188,-10.3353,-1.3779,1.9754,-1.8095,0.1261
1230797616208,2.6810,-10.6200,-1.2057,1.9790,-1.8180,0.2043
1230797616217,2.6451,-10.4334,-0.9568,1.9411,-1.8095,0.2556
1230797616227,2.5996,-9.8974,-0.6434,1.8715,-1.8034,0.3032
1230797616237,2.6260,-9.4619,-0.3754,1.8251,-1.8217,0.3435
1230797616244,2.6834,-9.3040,-0.4998,1.8251,-1.8437,0.3741
1230797616255,2.7384,-9.7299,-0.4280,1.8764,-1.8596,0.4083
1230797616266,2.7863,-10.3520,-0.2461,1.9253,-1.8962,0.4486
1230797616273,2.7982,-10.7708,-0.0332,1.9228,-1.9353,0.4852
1230797616283,2.7839,-10.7780,0.2444,1.9448,-1.9475,0.5085
1230797616292,2.6523,-10.1487,0.2181,1.9717,-1.9524,0.5072
1230797616346,2.5255,-8.9451,0.1941,1.9619,-1.9695,0.4975
1230797616347,2.4991,-7.9855,0.4573,1.9436,-2.0282,0.5036
1230797616349,2.6834,-7.7798,1.0627,1.8507,-2.0917,0.5585
1230797616350,2.9059,-7.8539,1.3068,1.6626,-2.1137,0.6319
1230797616350,3.0543,-8.1578,1.5676,1.5197,-2.0844,0.6575
1230797616351,3.0614,-8.2009,1.6609,1.3914,-2.0331,0.6148
1230797616361,2.9442,-8.2368,1.7255,1.3095,-1.9903,0.5964
1230797616369,2.7623,-7.8946,1.6777,1.2484,-1.9671,0.6221
1230797616380,2.6714,-7.5524,2.0294,1.1886,-1.9695,0.6404
1230797616390,2.7695,-7.5668,2.3453,1.1531,-1.9928,0.6367
1230797616400,2.9251,-7.9257,2.2783,1.0517,-2.0025,0.6526
1230797616409,3.0112,-8.4330,2.4123,0.9528,-1.9659,0.6575
1230797616419,3.1117,-8.7465,2.5271,0.9516,-1.9439,0.6135
1230797616429,3.0878,-8.9666,2.2998,1.0420,-1.9427,0.5647
1230797616438,3.1021,-9.0168,2.3884,1.1495,-1.9341,0.5390
1230797616448,3.1691,-8.6460,2.4865,1.2264,-1.9243,0.5256
1230797616457,3.2433,-8.1435,2.8239,1.2741,-1.9109,0.4999
1230797616467,3.2935,-7.5907,2.9100,1.2753,-1.8645,0.4559
1230797616476,3.2242,-6.9853,3.2115,1.1690,-1.8132,0.4413
1230797616486,3.1524,-6.7700,3.5393,1.0310,-1.7692,0.4278
1230797616496,3.2337,-7.1217,3.7810,0.8611,-1.7264,0.4596
1230797616505,3.4108,-7.4711,4.0585,0.6583,-1.6678,0.4572
1230797616515,3.5711,-7.6099,4.1734,0.5178,-1.6103,0.3973
1230797616525,3.6477,-7.8468,4.2715,0.4628,-1.5236,0.3472
1230797616534,3.7745,-7.8707,4.2476,0.4189,-1.4271,0.3105
1230797616542,3.8654,-7.9712,4.2093,0.3908,-1.3220,0.2922
1230797616553,3.8511,-7.9162,4.0992,0.3505,-1.2047,0.2507
1230797616562,3.8487,-7.7702,4.0729,0.2772,-1.0948,0.1884
1230797616573,3.8822,-8.0143,4.0298,0.2258,-0.9934,0.1395
1230797616581,3.8774,-8.0693,3.9987,0.1709,-0.8895,0.0845
1230797616590,3.9516,-7.7917,4.2404,0.1758,-0.7563,0.0186
1230797616600,3.9564,-7.5333,3.7283,0.2026,-0.6281,-0.0364
1230797616611,4.0162,-7.5237,4.4605,0.0695,-0.4754,-0.0462
1230797616621,3.7937,-8.1411,4.5419,-0.0087,-0.2994,-0.0266
1230797616630,3.6118,-8.4091,4.6065,-0.0735,-0.1760,-0.0621
1230797616640,3.4754,-8.2176,4.8458,-0.1431,-0.1027,-0.1354
1230797616650,3.5711,-8.2942,4.6759,-0.0869,-0.0502,-0.1732
1230797616659,3.8176,-8.3181,4.5945,-0.0527,0.0267,-0.1818
1230797616669,3.9994,-8.0334,4.3864,-0.0845,0.1330,-0.2258
1230797616679,4.0329,-8.0119,4.4940,-0.1138,0.3029,-0.2245
1230797616688,3.9061,-8.0789,4.5467,-0.1846,0.4788,-0.2087
1230797616698,3.9109,-7.9473,4.7549,-0.2653,0.6376,-0.2013
1230797616707,3.8463,-7.5405,4.3720,-0.3545,0.7769,-0.2013
1230797616717,3.6956,-7.5405,4.6280,-0.4644,0.9370,-0.2087
1230797616726,3.6357,-7.8156,4.3505,-0.5732,1.0677,-0.2111
1230797616736,3.5065,-8.0789,4.2715,-0.6623,1.2021,-0.2050
1230797616746,3.4371,-8.1507,4.0418,-0.6990,1.3120,-0.2404
1230797616755,3.3582,-8.4138,3.9485,-0.6855,1.4220,-0.2698
1230797616765,3.2026,-8.6627,3.9293,-0.6355,1.5197,-0.2905
1230797616774,3.1524,-8.6747,3.8193,-0.5096,1.5808,-0.3418
1230797616782,3.2840,-7.9903,3.4699,-0.4033,1.5991,-0.4164
1230797616794,3.4730,-7.2438,3.1899,-0.3862,1.6333,-0.4652
1230797616803,3.5831,-6.9997,2.9842,-0.4449,1.7201,-0.4750
1230797616813,3.5711,-7.1169,2.7736,-0.5988,1.8471,-0.4738
1230797616822,3.3653,-7.4065,2.6516,-0.7784,1.9730,-0.4970
1230797616832,3.1954,-7.6075,2.6755,-0.9348,2.0560,-0.5349
1230797616842,3.1548,-7.4735,2.3764,-1.0496,2.0951,-0.5715
1230797616851,3.1835,-7.3251,2.2304,-1.1290,2.0988,-0.6008
1230797616859,3.2959,-7.4400,2.0007,-1.2390,2.1171,-0.6082
1230797616869,3.3677,-7.6769,1.6227,-1.3917,2.1428,-0.6033
1230797616879,3.3151,-8.0932,1.5150,-1.5811,2.1953,-0.5825
1230797616888,3.2266,-8.8015,1.4743,-1.8046,2.2588,-0.5556
1230797616897,3.0471,-9.3183,1.0867,-2.0172,2.3163,-0.5361
1230797616909,2.8533,-9.5552,0.7947,-2.0685,2.3554,-0.5385
1230797616917,2.7576,-9.8759,0.4932,-1.9415,2.3187,-0.5349
1230797616928,2.8533,-10.1128,0.0673,-1.7802,2.2307,-0.4958
1230797616938,3.0088,-10.1439,-0.3682,-1.6898,2.1403,-0.4506
1230797616947,3.1380,-10.1391,-0.7056,-1.6752,2.0890,-0.4017
1230797616957,3.1452,-10.1702,-1.0741,-1.7741,2.0854,-0.3321
1230797616966,3.0327,-10.3688,-1.4952,-1.9561,2.1000,-0.2429
1230797616976,2.8389,-10.8282,-1.8446,-2.1211,2.0963,-0.1415
1230797616986,2.6618,-11.6801,-1.9379,-2.2628,2.0524,-0.0181
1230797616995,2.4920,-12.6492,-1.7010,-2.3874,1.9852,0.1187
1230797617003,2.3245,-13.3072,-1.5789,-2.4167,1.8911,0.2617
1230797617015,2.1546,-13.6254,-1.4856,-2.1822,1.7934,0.3826
1230797617024,2.0158,-13.6182,-1.5072,-1.7436,1.7030,0.4852
1230797617032,1.8124,-12.9387,-1.5574,-1.3416,1.6419,0.5732
1230797617043,1.5037,-11.7901,-1.3205,-1.1156,1.5967,0.6453
1230797617053,1.2094,-10.5243,-1.0071,-1.1107,1.5588,0.7162
1230797617062,1.0156,-9.6581,-0.8156,-1.2866,1.5099,0.7907
1230797617071,0.8337,-8.9235,-0.8132,-1.6544,1.4916,0.8579
1230797617081,0.6782,-8.5670,-0.6481,-2.0734,1.4892,0.9031
1230797617090,0.6160,-8.4019,-0.2964,-2.5096,1.4818,0.9239
1230797617100,0.6303,-7.9903,-0.4137,-2.9836,1.5026,0.9495
1230797617109,0.6016,-7.7630,-0.9568,-3.3367,1.5478,1.0045
1230797617121,0.4341,-8.3277,-1.6723,-3.3672,1.5954,1.0338
1230797617130,0.1398,-9.3734,-2.3351,-3.2829,1.6150,1.0289
1230797617139,-0.1880,-10.6272,-2.7395,-3.0874,1.5698,1.0460
1230797617147,-0.3172,-11.6944,-2.9787,-2.7539,1.4794,1.0912
1230797617157,-0.1784,-11.8284,-3.0290,-2.3679,1.3939,1.1193
1230797617167,0.1566,-11.0436,-3.1008,-1.9855,1.3157,1.1169
1230797617176,0.4892,-9.6844,-3.1989,-1.7094,1.2692,1.1096
1230797617186,0.6447,-8.6795,-3.3951,-1.4821,1.2522,1.0766
1230797617197,0.6160,-8.4354,-3.7995,-1.2255,1.2228,1.0033
1230797617207,0.4341,-9.2896,-3.8904,-0.8212,1.1532,0.9055
1230797617216,0.2906,-10.1702,-3.5841,-0.3422,1.0469,0.7931
1230797617225,0.4724,-10.4095,-3.5865,0.1000,0.9333,0.7321
1230797617235,0.7715,-10.0673,-3.5123,0.4372,0.8416,0.7345
1230797617245,0.8792,-9.1413,-3.3257,0.5178,0.7818,0.7247
1230797617254,0.7548,-8.1411,-3.3616,0.3639,0.7537,0.6832
1230797617264,0.5442,-7.5165,-3.4238,0.0560,0.7280,0.6148
1230797617274,0.3743,-7.2916,-3.6296,-0.2848,0.6767,0.4987
1230797617284,0.2906,-7.2103,-3.9957,-0.5609,0.6352,0.3594
1230797617293,0.3073,-7.1720,-4.2637,-0.7271,0.5936,0.2470
1230797617303,0.3839,-7.1145,-4.5413,-0.8065,0.5704,0.1554
1230797617312,0.3719,-7.0380,-4.8093,-0.8004,0.5521,0.0760
1230797617322,0.3145,-7.2486,-4.8404,-0.7344,0.5179,0.0198
1230797617332,0.2140,-7.4065,-4.4049,-0.6306,0.4947,-0.0450
1230797617341,0.1518,-7.5189,-4.1943,-0.5035,0.4434,-0.0926
1230797617351,0.3169,-7.3897,-3.6775,-0.4204,0.4165,-0.1122
1230797617361,0.4437,-7.3156,-3.5698,-0.4021,0.4043,-0.1354
1230797617370,0.4030,-7.4256,-3.3975,-0.3777,0.3920,-0.1879
1230797617378,0.3695,-7.6099,-3.1127,-0.3056,0.3762,-0.2466
1230797617390,0.4389,-8.0047,-3.6368,-0.1211,0.3542,-0.2807
1230797617399,0.4485,-8.7919,-3.6368,0.1721,0.3676,-0.3308
1230797617409,0.3528,-8.5311,-3.6463,0.3163,0.3762,-0.4017
1230797617419,0.4365,-8.0334,-3.5961,0.3053,0.3786,-0.3724
1230797617428,0.4628,-7.7295,-3.5626,0.1599,0.3652,-0.3479
1230797617436,0.5083,-7.6410,-3.6320,-0.1040,0.3481,-0.3589
1230797617445,0.5394,-8.1315,-3.9670,-0.3129,0.3322,-0.3748
1230797617455,0.3743,-8.9116,-4.3331,-0.3593,0.3261,-0.4041
1230797617465,0.2906,-9.5170,-4.5532,-0.2824,0.3065,-0.4151
1230797617474,0.2690,-9.7108,-4.6537,-0.1150,0.2699,-0.4469
1230797617485,0.2810,-9.5504,-4.8810,0.0511,0.2576,-0.4469
1230797617495,0.2953,-8.9092,-5.1801,0.1623,0.2552,-0.4078
1230797617505,0.2068,-8.2822,-5.5462,0.2149,0.2320,-0.3919
1230797617515,0.1685,-7.9927,-5.4553,0.1745,0.1611,-0.3797
1230797617524,0.2068,-7.9808,-5.2424,0.0988,0.0732,-0.4261
1230797617534,0.2906,-8.6460,-5.1849,0.1367,-0.0197,-0.5104
1230797617543,0.2738,-9.4404,-5.1562,0.2613,-0.0942,-0.5446
1230797617551,0.1757,-9.7323,-5.3022,0.4372,-0.1479,-0.5618
1230797617561,0.2499,-9.3590,-5.1873,0.5716,-0.2151,-0.5935
1230797617571,0.5562,-9.1006,-5.1227,0.6767,-0.3129,-0.6131
1230797617580,0.7954,-8.9307,-5.3381,0.8037,-0.3849,-0.6302
1230797617591,0.8289,-8.6364,-5.4936,0.9100,-0.4314,-0.6436
1230797617599,0.8289,-8.5191,-5.6252,1.0016,-0.5120,-0.6632
1230797617611,0.8648,-8.7010,-5.5510,1.0859,-0.6195,-0.6754
1230797617620,0.9294,-8.9977,-5.2759,1.1580,-0.7319,-0.6900
1230797617629,1.0036,-9.1724,-4.8284,1.2790,-0.8358,-0.7218
1230797617639,1.1209,-9.0958,-4.6202,1.4048,-0.9299,-0.7426
1230797617649,1.1855,-9.1485,-4.3690,1.5331,-1.0117,-0.7560
1230797617659,1.2262,-9.1580,-4.0316,1.6101,-1.0850,-0.7804
1230797617668,1.2812,-9.2370,-3.6320,1.6846,-1.1644,-0.7963
1230797617678,1.4439,-9.4356,-3.3520,1.8055,-1.2438,-0.7975
1230797617687,1.5875,-9.7275,-3.2922,1.9937,-1.3074,-0.7914
1230797617697,1.6712,-9.8519,-3.1175,2.1415,-1.3379,-0.7780
1230797617707,1.8100,-9.5792,-3.0697,2.2209,-1.3709,-0.7450
1230797617716,1.9871,-9.3614,-2.7945,2.2478,-1.4112,-0.7047
1230797617724,2.2000,-9.2633,-2.1389,2.2502,-1.4442,-0.6888
1230797617734,2.4513,-9.3088,-1.0382,2.2136,-1.4845,-0.6754
1230797617743,2.7767,-9.7682,-0.6505,2.2563,-1.5150,-0.6033
1230797617753,2.9538,-10.7110,-0.2773,2.4066,-1.4955,-0.4884
1230797617764,2.9442,-11.0388,-0.0739,2.4555,-1.4747,-0.3712
1230797617773,2.8844,-10.7827,-0.6242,2.3993,-1.4980,-0.2270
1230797617784,2.8605,-10.3784,-1.2846,2.2405,-1.5407,-0.0840
1230797617793,2.8030,-9.9859,-1.8972,1.8996,-1.5957,0.0210
1230797617803,2.8030,-9.8495,-2.3279,1.4488,-1.6445,0.1102
1230797617812,2.7169,-10.2467,-2.3255,1.0444,-1.6812,0.2006
1230797617822,2.5207,-11.1584,-1.8852,0.8636,-1.7191,0.2861
1230797617832,2.3221,-12.1371,-1.6507,0.9161,-1.7582,0.3802
1230797617841,2.1354,-12.6156,-0.9999,1.0468,-1.7912,0.4865
1230797617851,2.0948,-12.2472,-0.2820,1.2081,-1.8351,0.5769
1230797617861,2.1115,-11.4743,-0.1313,1.4109,-1.8987,0.6502
1230797617870,2.0756,-10.5937,-0.1193,1.5832,-1.9451,0.6954
1230797617879,1.9201,-9.8113,-0.2390,1.6003,-1.9597,0.7394
1230797617889,1.6617,-9.1197,-0.4663,1.4085,-1.9353,0.8102
1230797617898,1.3793,-8.2368,-0.7630,1.1238,-1.9317,0.8396
1230797617909,1.2142,-7.7558,-0.5429,0.8893,-1.9597,0.8200
1230797617918,1.2597,-7.9903,-0.3586,0.7145,-2.0037,0.8163
1230797617928,1.5061,-8.5096,-0.0523,0.5606,-2.0245,0.8359
1230797617937,1.7478,-9.2681,0.5148,0.5325,-2.0074,0.8383
1230797617947,1.8985,-9.8543,0.9862,0.6400,-1.9585,0.8310
1230797617956,1.8794,-10.0170,1.1608,0.7878,-1.8950,0.8322
1230797617966,1.6928,-9.7682,1.4312,0.9894,-1.8412,0.8078
1230797617976,1.4439,-9.2131,1.8882,1.1641,-1.8022,0.7528
1230797617985,1.3003,-8.5885,2.0438,1.2387,-1.8205,0.7015
1230797617995,1.3482,-8.2248,1.8595,1.2289,-1.8706,0.6697
1230797618005,1.5133,-7.8970,1.7303,1.1531,-1.9182,0.6367
1230797618014,1.7933,-7.7798,1.7734,1.1006,-1.9170,0.5989
1230797618024,2.0589,-7.9185,1.6920,1.0884,-1.8901,0.5549
1230797618033,2.0708,-8.6101,1.5485,1.1128,-1.8315,0.5463
1230797618041,1.9177,-9.3877,1.5844,1.2093,-1.7496,0.5512
1230797618051,1.6736,-9.3853,1.9002,1.2985,-1.6934,0.5036
1230797618066,1.4774,-8.7153,2.1251,1.3462,-1.6910,0.4535
1230797618070,1.5181,-7.7151,2.3046,1.3743,-1.7350,0.4168
1230797618080,1.8770,-6.7150,2.2831,1.3144,-1.8046,0.3728
1230797618089,2.3245,-6.2340,2.3907,1.1434,-1.8327,0.3619
1230797618100,2.7121,-6.7293,2.7329,0.9198,-1.7728,0.3912
1230797618110,2.7265,-7.5883,2.9722,0.6388,-1.6335,0.4205
1230797618120,2.3699,-7.9185,3.1852,0.3260,-1.4870,0.3790
1230797618129,1.9990,-7.9640,3.4938,0.1379,-1.3953,0.3069
1230797618139,1.7382,-8.3181,3.6135,0.1489,-1.3697,0.2592
1230797618149,1.9536,-8.4162,3.4603,0.2491,-1.3965,0.1774
1230797618159,2.4465,-8.1219,3.0894,0.2845,-1.4222,0.0552
1230797618168,2.8509,-7.5046,2.7712,0.2295,-1.3782,-0.0731
1230797618175,3.0830,-7.5788,2.9076,0.1684,-1.2719,-0.1158
1230797618187,3.1883,-7.9568,2.9387,0.0731,-1.1571,-0.1146
1230797618197,3.1596,-8.2009,3.1780,-0.0270,-1.0337,-0.1146
1230797618206,3.1500,-8.3181,3.2617,-0.0405,-0.9115,-0.1195
1230797618216,3.3055,-8.0143,3.5369,-0.0356,-0.7832,-0.1305
1230797618225,3.2481,-7.5716,4.0585,-0.0845,-0.6159,-0.1366
1230797618235,3.0112,-7.8731,4.1088,-0.1468,-0.4802,-0.1232
1230797618244,2.7049,-8.7345,4.6807,-0.2384,-0.3630,-0.0853
1230797618254,2.6523,-10.2157,4.5850,-0.2848,-0.2946,-0.0975
1230797618264,2.8246,-10.5363,4.2715,-0.2396,-0.2750,-0.1830
1230797618274,3.2983,-9.2107,3.6135,-0.0478,-0.2249,-0.3125
1230797618282,3.6979,-7.5859,2.7784,0.1648,-0.0978,-0.3602
1230797618293,3.5879,-7.0571,2.7903,0.1330,0.1440,-0.3003
1230797618302,3.1189,-7.6577,3.0009,-0.1394,0.3811,-0.2013
1230797618312,2.8102,-8.5957,3.0942,-0.4791,0.5484,-0.1158
1230797618322,2.5925,-9.3088,2.9315,-0.6990,0.6449,-0.1060
1230797618331,2.4585,-9.7634,2.8023,-0.7784,0.7219,-0.1549
1230797618341,2.4082,-10.0506,2.6659,-0.7747,0.7671,-0.2013
1230797618350,2.5398,-10.0912,2.4673,-0.7063,0.7818,-0.2258
1230797618360,2.6738,-9.6605,2.2567,-0.6183,0.7744,-0.2490
1230797618368,2.6307,-9.6462,2.2041,-0.5597,0.8111,-0.2013
1230797618377,2.5278,-10.1223,2.2304,-0.5389,0.8649,-0.0889
1230797618387,2.4489,-10.4430,2.3237,-0.5157,0.9198,-0.0254
1230797618396,2.4728,-10.1965,2.4434,-0.4265,0.9736,-0.0205
1230797618407,2.4920,-9.4691,2.5080,-0.3190,1.0273,-0.0144
1230797618418,2.4632,-8.7393,2.5774,-0.2494,1.0823,0.0125
1230797618428,2.3795,-8.3445,2.5391,-0.2628,1.1397,0.0613
1230797618436,2.2646,-8.4067,2.5487,-0.3716,1.2057,0.1016
1230797618447,2.0971,-8.7632,2.5295,-0.5279,1.2705,0.1077
1230797618456,2.0182,-9.0432,2.5606,-0.6379,1.3181,0.0735
1230797618466,2.0541,-9.0145,2.5367,-0.6404,1.3352,0.0027
1230797618475,2.1306,-9.1054,2.2185,-0.5817,1.3462,-0.0083
1230797618485,2.2646,-9.4954,1.9289,-0.4925,1.3743,0.0332
1230797618495,2.4537,-9.7060,1.9505,-0.3532,1.4366,0.0247
1230797618503,2.5757,-9.2155,2.0103,-0.2555,1.5185,-0.0254
1230797618514,2.5685,-8.1746,2.1419,-0.2237,1.6162,-0.0706
1230797618523,2.4920,-7.4543,2.1802,-0.2970,1.7115,-0.0902
1230797618532,2.3484,-7.2127,2.1060,-0.5023,1.8007,-0.0938
1230797618543,2.2766,-7.2007,1.9935,-0.8407,1.8777,-0.0999
1230797618553,2.1881,-7.3586,1.6585,-1.1730,1.9253,-0.0999
1230797618562,2.1019,-7.8444,1.3403,-1.3599,1.9583,-0.1024
1230797618571,2.0971,-8.2081,0.9000,-1.4430,1.9778,-0.1207
1230797618580,2.0397,-8.5311,0.5555,-1.4503,1.9937,-0.1549
1230797618589,1.9368,-8.7680,0.2683,-1.4345,2.0316,-0.1696
1230797618598,1.7957,-9.2513,0.1511,-1.4113,2.0780,-0.1598
1230797618609,1.6664,-9.5792,0.0769,-1.4320,2.1269,-0.1439
1230797618619,1.6114,-9.0360,-0.4041,-1.4760,2.1342,-0.1610
1230797618629,1.6449,-8.6795,-0.9568,-1.4699,2.0890,-0.1586
1230797618638,1.7334,-8.6866,-1.2894,-1.5652,2.0365,-0.1195
1230797618648,1.8315,-8.7249,-1.6053,-1.8462,2.0072,-0.0792
1230797618657,1.7693,-8.7297,-1.9139,-2.1907,2.0243,-0.0376
1230797618667,1.5755,-9.0527,-2.2681,-2.4106,2.0560,0.0235
1230797618677,1.3506,-9.7371,-2.6605,-2.4632,2.0817,0.0784
1230797618685,1.0874,-10.8665,-2.6940,-2.3556,2.0536,0.0992
1230797618694,0.8696,-11.6322,-2.6342,-2.1883,1.9717,0.1102
1230797618704,0.8170,-11.8619,-2.6605,-1.9952,1.8606,0.1517
1230797618714,0.8433,-11.6442,-2.7108,-1.8095,1.7445,0.2153
1230797618726,0.9486,-11.0172,-2.7562,-1.7607,1.6529,0.2934
1230797618733,1.0060,-10.3640,-2.6964,-1.8181,1.5820,0.3765
1230797618744,1.0826,-9.9429,-2.9118,-1.8963,1.5392,0.4474
1230797618754,1.0826,-9.7802,-3.2659,-1.9720,1.5466,0.4889
1230797618762,0.8792,-9.8424,-3.4789,-2.0746,1.5698,0.5280
1230797618773,0.6016,-9.8280,-3.5171,-2.2371,1.5747,0.5818
1230797618783,0.3360,-9.6821,-3.4334,-2.3813,1.5331,0.6478
1230797618792,0.1805,-9.2370,-3.4047,-2.4534,1.4647,0.7198
1230797618802,0.2283,-9.9046,-3.1726,-2.4375,1.3963,0.7944
1230797618812,0.3241,-10.0960,-3.3401,-2.4338,1.3279,0.7675
1230797618821,0.3934,-9.9836,-3.5315,-2.3544,1.3132,0.7271
1230797618831,0.5370,-9.7849,-3.4525,-2.2542,1.2998,0.7626
1230797618840,0.7548,-9.3734,-3.5028,-2.2506,1.2460,0.8212
1230797618850,0.9558,-8.8541,-3.7684,-2.2738,1.1825,0.8676
1230797618859,0.9630,-8.3732,-3.9526,-2.1944,1.1507,0.9092
1230797618869,0.9270,-8.6914,-4.0890,-2.0050,1.1397,0.9813
1230797618879,0.8768,-8.9810,-4.6561,-1.8083,1.0957,0.9776
1230797618889,0.7524,-8.7489,-5.1107,-1.6739,1.0677,0.8994
1230797618898,0.6160,-8.3971,-5.4912,-1.5383,1.0371,0.8518
1230797618908,0.5107,-8.2129,-5.7807,-1.4613,0.9870,0.8041
1230797618917,0.4389,-8.1817,-6.0248,-1.4210,0.9333,0.7308
1230797618927,0.3336,-8.3158,-6.1086,-1.3355,0.8856,0.6771
1230797618936,0.2953,-8.3349,-6.2258,-1.2036,0.8465,0.6392
1230797618946,0.2953,-8.1507,-6.1445,-1.1034,0.8099,0.6123
1230797618956,0.4030,-7.7917,-5.9817,-1.0191,0.7464,0.5708
1230797618965,0.5155,-7.3873,-5.9482,-0.9507,0.6657,0.5146
1230797618975,0.4963,-7.3730,-6.0176,-0.8700,0.6022,0.4596
1230797618985,0.2188,-7.4089,-5.9746,-0.7637,0.5582,0.3863
1230797618992,-0.0372,-7.4830,-5.9746,-0.6171,0.5203,0.3044
1230797619002,-0.0014,-7.3490,-5.9028,-0.4778,0.4654,0.2055
1230797619012,0.4006,-7.0260,-5.9578,-0.4668,0.3566,0.1053
1230797619021,0.7883,-6.9016,-6.2713,-0.4461,0.2650,0.0381
1230797619031,0.7931,-7.5572,-6.5010,-0.2616,0.2271,-0.0376
1230797619042,0.5322,-7.9496,-6.6948,-0.0148,0.1868,-0.1720
1230797619051,0.1374,-7.7558,-6.5082,0.2075,0.1428,-0.2868
1230797619059,-0.0636,-7.2749,-6.2210,0.3883,0.1049,-0.3418
1230797619069,-0.1378,-6.5092,-6.0966,0.4189,0.0817,-0.4151
1230797619079,-0.0205,-5.8775,-5.9626,0.2662,0.0585,-0.5165
1230797619089,0.3288,-5.9157,-5.9076,0.0511,0.0304,-0.6204
1230797619100,0.6830,-6.4446,-5.4697,-0.0771,0.0353,-0.7047
1230797619107,0.7404,-6.9997,-5.2160,-0.0161,0.0536,-0.7316
1230797619119,0.6136,-7.5883,-5.1036,0.1990,0.0854,-0.7169
1230797619128,0.5968,-7.7774,-4.9289,0.4458,0.0683,-0.7206
1230797619138,0.7859,-7.9138,-5.1155,0.6718,0.0341,-0.7230
1230797619147,0.9079,-8.0478,-5.6109,0.8245,0.0109,-0.7230
1230797619157,0.8601,-8.4545,-6.2569,0.9479,-0.0099,-0.7218
1230797619167,0.7069,-8.6507,-6.6469,1.0297,-0.0514,-0.7255
1230797619175,0.5394,-8.6340,-6.8503,1.0921,-0.1052,-0.7193
1230797619186,0.4868,-8.5287,-6.7594,1.1654,-0.1650,-0.7145
1230797619196,0.4006,-8.5431,-6.7498,1.2692,-0.2457,-0.7108
1230797619206,0.3169,-8.8517,-6.7785,1.4451,-0.3190,-0.7047
1230797619215,0.2571,-9.0599,-6.6757,1.6504,-0.4021,-0.7267
1230797619225,0.2451,-9.0886,-6.3790,1.8410,-0.5084,-0.7694
1230797619234,0.2355,-9.0575,-6.0320,2.0499,-0.6098,-0.8195
1230797619243,0.2260,-9.0216,-5.8454,2.2649,-0.6928,-0.8721
1230797619253,0.1637,-8.7536,-5.7281,2.4017,-0.7637,-0.9185
1230797619263,0.0680,-8.4234,-5.5343,2.4482,-0.8370,-0.9539
1230797619272,0.0704,-8.2870,-5.4170,2.4787,-0.9433,-0.9771
1230797619283,0.1470,-8.4354,-5.2424,2.5300,-1.0716,-1.0065
1230797619293,0.2738,-8.7847,-5.0701,2.6277,-1.2084,-1.0578
1230797619300,0.5107,-9.4212,-4.9959,2.8147,-1.3428,-1.1079
1230797619309,0.6471,-9.9644,-4.7016,3.0199,-1.4564,-1.1421
1230797619319,0.8194,-10.4071,-4.6298,3.2521,-1.5444,-1.1421
1230797619329,0.9342,-10.5219,-4.2422,3.4866,-1.6055,-1.1384
1230797619338,1.0276,-10.3209,-4.0172,3.6992,-1.6898,-1.1311
1230797619350,1.1472,-10.1845,-3.8234,3.9142,-1.7826,-1.0773
1230797619359,1.2860,-10.2228,-3.2180,4.0877,-1.8706,-0.9771
1230797619369,1.5994,-10.1487,-2.2370,4.1647,-1.9781,-0.8598
1230797619378,2.0732,-9.9692,-1.8733,4.2893,-2.0575,-0.7401
1230797619388,2.4537,-9.8041,-2.0336,4.4555,-2.0917,-0.6363
1230797619398,2.6427,-9.5170,-1.9379,4.5752,-2.0819,-0.5459
1230797619407,2.6834,-9.0073,-1.3684,4.5947,-2.0551,-0.4408
1230797619417,2.7599,-8.3923,-0.3466,4.5007,-2.0233,-0.3260
1230797619426,2.8509,-7.9449,0.6201,4.3650,-2.0123,-0.2123
1230797619436,3.0232,-8.0214,1.2781,4.1916,-2.0355,-0.0670
1230797619446,3.2505,-8.2296,1.8117,3.8043,-2.0441,0.1212
1230797619455,3.3605,-8.5646,1.9816,3.3034,-1.9989,0.2837
1230797619465,3.2840,-9.0862,1.7543,2.9833,-1.9451,0.3387
1230797619474,3.2074,-9.8783,1.5676,2.9271,-1.8816,0.3496
1230797619482,3.1835,-10.5985,1.8643,2.9381,-1.8278,0.4132
1230797619493,3.0423,-10.3760,1.9265,2.9185,-1.8046,0.5085
1230797619501,3.0160,-9.7778,2.1419,3.0089,-1.8254,0.6050
1230797619513,3.0184,-9.3638,2.1921,3.1788,-1.8559,0.7076
1230797619523,3.1572,-8.7034,2.7688,3.2362,-1.8791,0.7711
1230797619532,3.3462,-7.8898,3.0105,3.1812,-1.9072,0.8053
1230797619542,3.5209,-7.6194,3.4197,3.1458,-1.8962,0.8872
1230797619552,3.7841,-7.7750,4.2524,3.1055,-1.8351,1.0008
1230797619563,3.9205,-7.9377,4.3959,3.0602,-1.7557,1.1267
1230797619568,3.7984,-8.0095,4.4701,3.1116,-1.7008,1.2293
1230797619579,3.6190,-7.8468,4.7692,3.2044,-1.6702,1.3160
1230797619589,3.4706,-7.1576,5.1114,3.1433,-1.6922,1.3771
1230797619598,3.5711,-6.4805,5.3435,2.9674,-1.7105,1.4284
1230797619608,3.7937,-5.9110,5.1521,2.6827,-1.6776,1.4846
1230797619617,4.0999,-5.8607,5.1760,2.3748,-1.5761,1.5115
1230797619626,4.2938,-6.4709,5.2932,2.1415,-1.4332,1.5164
1230797619637,4.2890,-7.2007,5.2119,1.9570,-1.2866,1.5078
1230797619648,4.1909,-7.4807,5.1760,1.7933,-1.1461,1.4993
1230797619657,3.9564,-7.6075,5.4009,1.8275,-1.0850,1.5017
1230797619666,3.7482,-8.0693,5.6809,2.0719,-1.0850,1.5396
1230797619676,3.5879,-7.9281,5.4727,2.2563,-1.1229,1.5677
1230797619686,3.6094,-7.2629,5.3459,2.4079,-1.1815,1.5335
1230797619696,3.7099,-6.6599,5.1425,2.6143,-1.2451,1.4810
1230797619705,3.8726,-6.1837,5.2861,2.7597,-1.2927,1.4663
1230797619715,4.0593,-5.9253,5.2861,2.7964,-1.2964,1.4541
1230797619724,4.1550,-5.5760,5.3315,2.7304,-1.2829,1.4162
1230797619734,4.2220,-4.8366,5.5852,2.5496,-1.2707,1.3380
1230797619744,4.3847,-3.8555,5.7886,2.2405,-1.2744,1.2391
1230797619754,4.4900,-2.9463,5.9608,1.8226,-1.2463,1.1682
1230797619762,4.4277,-2.6089,6.2216,1.3718,-1.1766,1.1230
1230797619773,4.3033,-2.8888,6.4227,0.9235,-1.0984,1.0949
1230797619783,4.2411,-3.4440,6.7505,0.5264,-1.0471,1.0509
1230797619791,4.3105,-4.2025,7.0065,0.2784,-1.0337,0.9935
1230797619801,4.3631,-4.8342,6.7600,0.2136,-1.0435,0.9324
1230797619811,4.4158,-4.9730,6.7720,0.2930,-1.0728,0.8554
1230797619820,4.4541,-4.5877,7.1788,0.4885,-1.1082,0.7699
1230797619830,4.5952,-3.7837,7.5186,0.6620,-1.1387,0.6868
1230797619839,4.7149,-2.8362,7.7459,0.6889,-1.1180,0.5903
1230797619850,4.7532,-2.0537,8.0905,0.5753,-1.0361,0.4743
1230797619859,4.7197,-1.5034,8.3321,0.3602,-0.9176,0.3594
1230797619869,4.6862,-1.2521,8.5547,0.0548,-0.7857,0.2323
1230797619876,4.7077,-1.2832,8.5858,-0.2567,-0.6391,0.0735
1230797619886,4.7245,-1.4483,8.5642,-0.5169,-0.4815,-0.0999
1230797619896,4.6958,-1.9724,8.5571,-0.6929,-0.3410,-0.2466
1230797619905,4.6646,-2.7022,8.6073,-0.8175,-0.2151,-0.3687
1230797619915,4.6072,-3.2238,8.7580,-0.9018,-0.1064,-0.4958
1230797619927,4.5043,-3.3124,8.7796,-0.9348,-0.0172,-0.6485
1230797619936,4.4900,-3.3411,8.6480,-0.9397,0.0500,-0.7914
1230797619946,4.6646,-3.5325,8.5140,-0.9726,0.1135,-0.9051
1230797619955,4.9087,-3.7478,8.5116,-1.0838,0.1953,-0.9930
1230797619965,5.0164,-3.9871,8.3273,-1.2487,0.3016,-1.0749
1230797619974,5.0523,-4.2814,8.1287,-1.4271,0.4202,-1.1457
1230797619984,5.0666,-4.4992,7.9493,-1.5921,0.5350,-1.2044
1230797619993,5.1049,-4.7241,7.8799,-1.6971,0.6340,-1.2581
1230797620003,5.1982,-5.2099,7.6741,-1.7607,0.7195,-1.2899
1230797620013,5.3490,-5.7506,7.4276,-1.8523,0.7989,-1.3290
1230797620022,5.4782,-6.0713,7.2960,-1.9231,0.9003,-1.3889
1230797620032,5.5428,-6.2531,7.3176,-1.9219,1.0310,-1.4365
1230797620042,5.4639,-6.4206,7.0567,-1.8450,1.1593,-1.4487
1230797620051,5.3059,-6.4924,6.9108,-1.7802,1.2595,-1.4389
1230797620060,5.1982,-6.5020,6.7385,-1.7631,1.3218,-1.4463
1230797620071,5.1982,-6.3800,6.5327,-1.8486,1.3853,-1.4548
1230797620078,5.3346,-6.5403,6.3317,-1.9720,1.4610,-1.4377
1230797620088,5.4973,-6.8944,6.1953,-2.0746,1.5588,-1.4047
1230797620099,5.5476,-7.3682,6.0374,-2.1382,1.6675,-1.3754
1230797620108,5.4806,-7.7582,6.0111,-2.1418,1.7848,-1.3644
1230797620118,5.2724,-7.8085,5.9010,-2.0881,1.8838,-1.3571
1230797620127,5.0595,-7.6697,5.8125,-1.9732,1.9436,-1.3473
1230797620137,4.9470,-7.5524,5.7216,-1.8767,1.9632,-1.3278
1230797620147,4.9901,-7.3682,5.4153,-1.8499,1.9730,-1.2972
1230797620157,5.0666,-7.2366,5.0659,-1.8645,2.0133,-1.2594
1230797620165,5.1145,-7.5213,5.0587,-1.8877,2.0841,-1.2019
1230797620174,5.0355,-7.7893,4.9654,-1.9720,2.1745,-1.1360
1230797620184,4.8585,-7.6769,4.7070,-2.0746,2.2491,-1.1054
1230797620193,4.6479,-7.6505,4.7405,-2.1394,2.2943,-1.0785
1230797620205,4.4589,-7.6003,4.6591,-2.2115,2.3089,-1.0431
1230797620215,4.3775,-7.2940,4.4534,-2.3056,2.3077,-1.0052
1230797620224,4.2938,-7.1098,4.3696,-2.3483,2.3102,-0.9796
1230797620233,4.2172,-7.3132,4.0849,-2.3349,2.2967,-0.9502
1230797620242,4.2339,-7.6003,3.7020,-2.3825,2.2796,-0.9002
1230797620253,4.2483,-7.7151,3.3742,-2.5108,2.2625,-0.8537
1230797620262,4.2483,-7.6936,3.0775,-2.6476,2.2564,-0.8183
1230797620272,4.2004,-7.7056,2.7569,-2.7551,2.2674,-0.7646
1230797620282,4.0784,-7.7080,2.5367,-2.9005,2.2992,-0.6888
1230797620291,3.9324,-7.7463,2.5176,-3.0691,2.3175,-0.6241
1230797620301,3.7865,-7.8468,2.4769,-3.2133,2.3248,-0.5789
1230797620311,3.7051,-7.9544,2.1395,-3.3184,2.3260,-0.5385
1230797620320,3.6644,-8.2129,1.7088,-3.3526,2.3358,-0.5019
1230797620329,3.5616,-8.4641,1.2087,-3.3318,2.3297,-0.4799
1230797620340,3.4802,-8.6507,0.7947,-3.2732,2.3077,-0.4506
1230797620349,3.4371,-8.9235,0.4502,-3.1449,2.2552,-0.4041
1230797620359,3.5113,-9.3183,0.0841,-2.9763,2.2039,-0.3369
1230797620368,3.6190,-9.6438,-0.2055,-2.8333,2.1660,-0.2698
1230797620378,3.6262,-9.7275,-0.4280,-2.7417,2.1526,-0.2087
1230797620386,3.5424,-9.4715,-0.6362,-2.7002,2.1562,-0.1464
1230797620397,3.4060,-9.1891,-0.7415,-2.6403,2.1538,-0.0963
1230797620406,3.1954,-9.1676,-0.9066,-2.5536,2.1342,-0.0670
1230797620416,2.9466,-9.3686,-0.9760,-2.4852,2.0915,-0.0572
1230797620426,2.6666,-9.6055,-1.0166,-2.3935,2.0182,-0.0511
1230797620436,2.5326,-9.8256,-1.2057,-2.2542,1.9326,-0.0425
1230797620445,2.4202,-9.7921,-1.2392,-2.1284,1.8471,-0.0132
1230797620455,2.3675,-9.8113,-1.0453,-1.9732,1.7689,0.0247
1230797620465,2.3819,-9.9836,-1.0693,-1.7509,1.6810,0.0344
1230797620472,2.3891,-9.8663,-1.0836,-1.6324,1.6199,0.0259
1230797620482,2.1953,-9.5026,-1.0788,-1.6006,1.6052,0.0332
1230797620491,1.8507,-9.0886,-0.9975,-1.5713,1.6040,0.0503
1230797620501,1.4726,-8.7489,-0.8683,-1.5517,1.5686,0.0259
1230797620511,1.1903,-8.5766,-0.9425,-1.5970,1.4928,-0.0156
1230797620522,1.0634,-8.5335,-0.8731,-1.7228,1.3987,-0.0437
1230797620532,1.1281,-8.6340,-0.9401,-1.8034,1.2888,-0.0902
1230797620541,1.4559,-8.8206,-1.5837,-1.7912,1.1874,-0.1549
1230797620551,1.7669,-9.7371,-2.5337,-1.6360,1.1251,-0.1793
1230797620561,2.0254,-11.2661,-2.7682,-1.2353,1.0835,-0.2453
1230797620568,2.1402,-11.9911,-2.8735,-0.6587,0.9809,-0.4494
1230797620578,2.2455,-11.7925,-2.3231,-0.1040,0.9626,-0.4933
1230797620588,2.3412,-10.3999,-1.7417,0.1965,0.9284,-0.4005
1230797620597,2.6379,-8.3373,-1.2464,0.2576,0.8368,-0.3626
1230797620609,3.0471,-6.9064,-0.9137,0.1159,0.7659,-0.3382
1230797620616,3.3295,-6.9183,-1.2440,-0.1382,0.7231,-0.3198
1230797620627,3.1883,-8.1746,-1.9474,-0.4033,0.7121,-0.3137
1230797620637,2.7480,-9.7610,-2.6557,-0.5548,0.7170,-0.3040
1230797620647,2.4034,-10.9215,-3.3760,-0.4424,0.6718,-0.3101
1230797620656,2.3245,-11.4695,-3.6296,-0.0942,0.5777,-0.3333
1230797620666,2.5111,-11.2039,-3.4573,0.3016,0.4372,-0.3553
1230797620676,2.8198,-10.6416,-3.4214,0.6840,0.3126,-0.3602
1230797620685,2.9777,-10.2683,-3.1821,1.0212,0.2259,-0.3528
1230797620695,2.9346,-9.8424,-3.2396,1.2008,0.1330,-0.3308
1230797620704,2.8078,-9.3806,-2.9476,1.2130,0.0109,-0.2844
1230797620714,2.7815,-8.8709,-3.0697,1.1580,-0.1443,-0.2343
1230797620724,2.9011,-9.0743,-3.2300,1.1666,-0.3226,-0.1928
1230797620734,2.9753,-9.6629,-3.6320,1.2069,-0.4876,-0.1696
1230797620743,3.0399,-10.0434,-3.8354,1.2448,-0.6354,-0.1402
1230797620753,2.9753,-10.1917,-3.6511,1.2545,-0.7894,-0.0975
1230797620761,2.9633,-9.9668,-3.7564,1.1935,-0.9543,-0.0388
1230797620770,2.9562,-9.6988,-3.2061,1.0835,-1.1449,0.0442
1230797620780,2.8844,-9.6629,-2.7610,0.9589,-1.3135,0.0870
1230797620789,2.8198,-10.0625,-2.5193,0.8562,-1.4454,0.1530
1230797620799,2.7384,-10.6368,-2.6461,0.7658,-1.5786,0.2067
1230797620811,2.6044,-10.9000,-2.6581,0.7097,-1.7068,0.2592
1230797620820,2.4896,-11.0029,-2.7179,0.7475,-1.7997,0.3044
1230797620830,2.3867,-11.2350,-2.4164,0.8893,-1.9048,0.3777
1230797620839,2.3675,-11.1704,-2.3088,1.0285,-1.9964,0.4278
1230797620849,2.3125,-11.2541,-1.9211,1.2228,-2.0734,0.4889
1230797620859,2.2263,-10.9096,-1.4832,1.3669,-2.1271,0.5378
1230797620868,2.1761,-10.6152,-1.2535,1.5355,-2.1797,0.5781
1230797620878,2.2168,-10.4741,-0.9999,1.7603,-2.2554,0.6038
1230797620886,2.3101,-10.3664,-0.9377,1.9314,-2.3434,0.6294
1230797620897,2.4082,-10.2898,-0.8922,2.0609,-2.4301,0.6795
1230797620907,2.5326,-10.2037,-0.6745,2.1623,-2.5022,0.7308
1230797620916,2.6260,-10.0194,-0.5117,2.2295,-2.5731,0.7650
1230797620926,2.6595,-9.7323,-0.2079,2.2906,-2.6281,0.7931
1230797620935,2.6044,-9.5217,0.1415,2.3761,-2.6769,0.8273
1230797620945,2.5422,-9.2992,0.3233,2.4421,-2.7148,0.8701
1230797620955,2.4728,-9.0121,0.6081,2.4286,-2.7246,0.9165
1230797620964,2.4226,-8.5598,0.9263,2.3321,-2.7331,0.9520
1230797620974,2.4010,-8.4498,1.2254,2.2515,-2.7343,0.9678
1230797620982,2.3675,-8.9403,1.2948,2.2893,-2.7356,0.9715
1230797620993,2.3340,-9.7562,1.2207,2.3932,-2.7062,0.9715
1230797621002,2.2957,-10.5339,1.5580,2.5447,-2.6879,0.9800
1230797621012,2.3316,-10.6894,1.7734,2.6974,-2.7062,1.0082
1230797621022,2.4561,-10.2204,1.9313,2.8941,-2.7746,1.0558
1230797621031,2.6786,-9.5433,2.1897,3.0896,-2.8663,1.1120
1230797621041,2.9992,-8.7201,2.2376,3.1287,-2.9494,1.1865
1230797621050,3.2648,-7.8611,2.1395,2.9454,-2.9713,1.2782
1230797621060,3.5137,-7.5429,2.4338,2.6778,-2.9396,1.3515
1230797621069,3.7290,-7.9209,2.8837,2.4457,-2.8651,1.3954
1230797621082,3.7793,-8.6077,2.8837,2.2441,-2.7563,1.4406
1230797621087,3.7434,-9.2059,2.9100,2.1281,-2.6561,1.4810
1230797621097,3.6262,-9.5480,2.9985,2.1403,-2.5902,1.5090
1230797621106,3.5663,-9.1461,3.0894,2.2160,-2.6085,1.5274
1230797621119,3.6429,-8.0549,3.2976,2.2502,-2.6818,1.5653
1230797621127,3.8918,-7.1002,3.5680,2.2686,-2.7575,1.6312
1230797621137,4.1478,-6.3273,3.6948,2.2002,-2.7698,1.6886
1230797621146,4.2579,-5.6071,3.9006,1.9815,-2.7123,1.7094
1230797621156,4.3607,-5.4635,4.2739,1.6724,-2.5841,1.7094
1230797621166,4.4086,-5.9038,4.4462,1.3889,-2.4411,1.7119
1230797621173,4.3225,-6.3106,4.5156,1.1996,-2.3043,1.6911
1230797621185,4.2004,-6.3345,4.4725,1.1189,-2.2273,1.6178
1230797621195,4.1239,-6.5307,4.5754,1.1531,-2.2029,1.5384
1230797621204,4.2770,-6.7891,4.6639,1.2106,-2.2114,1.4822
1230797621214,4.5594,-6.5475,4.8314,1.1556,-2.1858,1.4187
1230797621224,4.8178,-5.9708,4.9056,1.0762,-2.1088,1.3380
1230797621233,4.9279,-5.7794,4.6208,1.0823,-1.9879,1.2635
1230797621242,4.9183,-5.9157,4.4390,1.0798,-1.8584,1.2073
1230797621252,4.9542,-6.1742,4.4677,0.9772,-1.7472,1.1719
1230797621261,5.0595,-6.5283,4.8003,0.8501,-1.6372,1.1340
1230797621272,5.0977,-6.8202,4.9200,0.8624,-1.5248,1.0790
1230797621281,5.0810,-6.9279,5.0587,0.9931,-1.4332,1.0130
1230797621291,5.0714,-6.7437,5.4368,1.1470,-1.3660,0.9446
1230797621299,5.1097,-6.2866,5.5564,1.2668,-1.3122,0.8799
1230797621362,5.2078,-5.8200,5.6234,1.3034,-1.2389,0.8139
1230797621363,5.3155,-5.3630,5.8101,1.2240,-1.1387,0.7333
1230797621364,5.3753,-5.1381,6.3557,1.0603,-0.9934,0.6343
1230797621365,5.3131,-5.1381,6.2121,0.8880,-0.8345,0.5292
1230797621366,5.2270,-5.1955,6.1236,0.7927,-0.6867,0.4107
1230797621366,5.2078,-5.1381,6.7385,0.7304,-0.5865,0.2715
1230797621367,5.2772,-4.8677,7.0544,0.6742,-0.4986,0.1407
1230797621376,5.3227,-4.3700,7.0687,0.6302,-0.3996,0.0259
1230797621385,5.3681,-3.7239,7.4827,0.5484,-0.3019,-0.0816
1230797621394,5.5069,-3.2741,7.8895,0.2686,-0.2103,-0.1965
1230797621404,5.6433,-3.2286,7.4635,-0.1492,-0.0673,-0.2979
1230797621414,5.6457,-3.9129,6.9969,-0.5255,0.1318,-0.3907
1230797621423,5.5165,-4.5853,6.7265,-0.8175,0.3139,-0.5214
1230797621435,5.3586,-4.8988,6.7361,-0.9714,0.4531,-0.6729
1230797621444,5.2246,-5.1979,6.6667,-0.9397,0.5570,-0.8146
1230797621454,5.1815,-5.3271,6.5160,-0.8285,0.6254,-0.9356
1230797621463,5.2652,-5.2888,6.4873,-0.7393,0.6791,-1.0614
1230797621472,5.4471,-5.1668,6.3724,-0.7307,0.7476,-1.1971
1230797621483,5.6266,-5.3271,6.2288,-0.7589,0.8575,-1.2960
1230797621492,5.7653,-5.6334,6.2552,-0.8236,1.0041,-1.3608
1230797621502,5.8682,-5.8368,6.2575,-0.9592,1.1544,-1.4169
1230797621511,5.8945,-5.9492,6.0374,-1.1107,1.3096,-1.4622
1230797621521,5.8108,-6.1598,5.7144,-1.2585,1.4733,-1.4939
1230797621531,5.7558,-6.5355,5.5253,-1.3929,1.6296,-1.5208
1230797621541,5.7007,-6.9686,5.4488,-1.5347,1.7787,-1.5416
1230797621550,5.6170,-7.2007,5.1090,-1.6568,1.9155,-1.5526
1230797621560,5.4591,-7.3203,4.7501,-1.7228,2.0426,-1.5611
1230797621568,5.3538,-7.4232,4.4534,-1.7472,2.1464,-1.5623
1230797621577,5.2748,-7.4328,4.2571,-1.7949,2.2332,-1.5416
1230797621588,5.2222,-7.6458,4.0896,-1.8364,2.3138,-1.5013
1230797621596,5.2030,-7.9090,3.7977,-1.8865,2.3908,-1.4475
1230797621608,5.1265,-7.9712,3.5608,-1.9537,2.4641,-1.4157
1230797621617,5.0284,-7.8707,3.3431,-2.0123,2.5130,-1.4011
1230797621627,4.9231,-7.8348,3.2067,-2.0649,2.5508,-1.3644
1230797621636,4.8297,-7.9042,3.1230,-2.1308,2.5887,-1.3119
1230797621646,4.7532,-8.0286,3.0679,-2.2017,2.6241,-1.2618
1230797621655,4.7029,-8.2775,2.8932,-2.2420,2.6547,-1.2215
1230797621666,4.6240,-8.3828,2.7425,-2.2677,2.6694,-1.1763
1230797621673,4.5402,-8.3588,2.5630,-2.3080,2.6803,-1.1262
1230797621683,4.4565,-8.2727,2.2233,-2.3556,2.6852,-1.0565
1230797621692,4.3416,-8.2440,2.0988,-2.4742,2.6999,-0.9576
1230797621702,4.2196,-8.1459,2.0797,-2.6867,2.7158,-0.8684
1230797621711,4.1239,-8.0789,1.9313,-2.9237,2.7268,-0.7853
1230797621723,4.0042,-8.1626,1.4839,-3.1131,2.7536,-0.7132
1230797621733,3.8343,-8.4880,1.2087,-3.1925,2.7817,-0.6668
1230797621742,3.6381,-8.9929,1.1824,-3.2048,2.7854,-0.6338
1230797621752,3.4587,-9.4763,0.9766,-3.1046,2.7598,-0.6082
1230797621762,3.3486,-10.1271,0.7684,-2.8309,2.7182,-0.5789
1230797621771,3.2744,-10.6655,0.5722,-2.4473,2.6889,-0.5520
1230797621781,3.1811,-10.9479,0.5315,-2.0331,2.6694,-0.5275
1230797621790,3.0327,-10.8713,0.5411,-1.6532,2.6510,-0.5031
1230797621800,2.8652,-10.2396,0.6272,-1.4552,2.6180,-0.4689
1230797621810,2.7336,-9.2059,0.7756,-1.4894,2.5643,-0.4176
1230797621819,2.6953,-8.1507,1.0053,-1.7167,2.5056,-0.3602
1230797621829,2.7265,-7.4854,1.0555,-2.0417,2.4531,-0.3235
1230797621838,2.8006,-7.2916,0.5196,-2.4167,2.4238,-0.3150
1230797621848,2.8724,-7.7439,-0.5907,-2.7209,2.4262,-0.3089
1230797621858,2.7767,-9.0862,-1.4832,-2.8492,2.4433,-0.2881
1230797621867,2.5805,-10.6033,-1.7919,-2.8468,2.4177,-0.2661
1230797621877,2.3867,-11.6370,-1.9594,-2.7087,2.3358,-0.2490
1230797621886,2.1354,-12.0701,-1.8350,-2.3862,2.2478,-0.2111
1230797621896,1.9823,-11.8117,-1.4545,-2.0197,2.1562,-0.1683
1230797621906,1.9512,-10.8354,-1.3540,-1.7741,2.0646,-0.1195
1230797621915,2.0589,-9.6103,-1.2655,-1.7179,1.9742,-0.0535
1230797621925,2.1617,-8.6196,-1.1602,-1.7949,1.9009,-0.0071
1230797621935,2.2455,-8.1291,-1.2416,-1.9598,1.8581,0.0051
1230797621944,2.2718,-8.0621,-1.7417,-2.1650,1.8557,0.0247
1230797621954,2.1761,-8.7704,-2.2824,-2.2261,1.8520,0.0418
1230797621963,1.9895,-9.9476,-2.6916,-2.1027,1.8239,0.0332
1230797621973,1.8172,-10.9622,-3.1247,-1.8853,1.7714,0.0210
1230797621982,1.6258,-11.1536,-3.3472,-1.6654,1.7164,0.0430
1230797621990,1.4870,-10.4789,-3.3640,-1.5615,1.6602,0.1077
1230797622000,1.5875,-9.2681,-3.1247,-1.6605,1.5625,0.1762
1230797622009,1.9272,-8.0286,-2.8950,-1.9366,1.4464,0.2116
1230797622019,2.3651,-7.6793,-3.3879,-2.1773,1.3316,0.2116
1230797622029,2.4369,-9.2131,-4.1560,-2.1321,1.2497,0.1823
1230797622040,1.9775,-11.2039,-4.1728,-1.8804,1.2021,0.1505
1230797622050,1.4511,-12.0892,-4.1799,-1.5285,1.1178,0.1737
1230797622058,1.0922,-11.5389,-4.0005,-1.1180,1.0054,0.2446
1230797622070,1.0682,-10.0960,-3.7851,-0.8089,0.8722,0.2959
1230797622080,1.3195,-8.6866,-3.6703,-0.7466,0.7390,0.3325
1230797622087,1.5492,-7.8779,-3.6440,-0.8493,0.6510,0.3130
1230797622099,1.5564,-7.9592,-3.6990,-0.9959,0.6071,0.2531
1230797622107,1.3147,-8.6675,-3.8426,-1.1217,0.5765,0.1859
1230797622117,1.0347,-9.3399,-4.0364,-1.1522,0.5362,0.1371
1230797622127,0.8936,-9.8567,-4.2493,-1.0056,0.4861,0.0967
1230797622136,0.9223,-10.0577,-4.1847,-0.7161,0.4153,0.0381
1230797622145,1.0802,-9.7658,-4.1201,-0.4204,0.3468,-0.0217
1230797622154,1.1639,-9.2394,-4.0747,-0.1859,0.2870,-0.0572
1230797622165,1.2501,-8.7656,-4.1058,-0.0661,0.2296,-0.0743
1230797622175,1.3721,-8.6555,-4.2852,0.0218,0.1416,-0.1183
1230797622184,1.5061,-8.9666,-4.7423,0.1049,0.0426,-0.1806
1230797622194,1.5683,-9.4882,-5.1347,0.2161,-0.0612,-0.2392
1230797622203,1.5779,-9.9500,-5.4003,0.4213,-0.1821,-0.3162
1230797622213,1.6545,-10.3233,-5.4792,0.7109,-0.3251,-0.4127
1230797622223,1.7598,-10.3712,-5.5750,1.0261,-0.4839,-0.5031
1230797622232,1.8938,-9.9429,-6.0081,1.2167,-0.6281,-0.5227
1230797622242,2.0110,-9.2394,-6.4890,1.1812,-0.7955,-0.4836
1230797622252,2.2216,-8.8278,-6.9604,0.9711,-1.0117,-0.4347
1230797622261,2.4130,-9.3088,-7.1686,0.6987,-1.2499,-0.3846
1230797622271,2.4991,-10.2755,-7.3026,0.4946,-1.4698,-0.3492
1230797622281,2.4369,-11.2111,-7.3050,0.5044,-1.6604,-0.3284
1230797622290,2.2048,-11.4264,-7.3026,0.6534,-1.8425,-0.3015
1230797622299,1.9847,-11.2900,-6.8862,0.8575,-2.0135,-0.2649
1230797622308,1.9608,-10.6488,-6.4268,1.0322,-2.1968,-0.2392
1230797622317,2.1546,-9.9955,-5.8645,1.1385,-2.3898,-0.1916
1230797622327,2.4154,-9.4093,-5.3524,1.2008,-2.5572,-0.1415
1230797622336,2.4967,-8.9594,-4.9122,1.2521,-2.6732,-0.1146
1230797622346,2.4656,-8.8135,-4.7303,1.2961,-2.7575,-0.0804
1230797622357,2.3795,-8.8996,-4.5700,1.3217,-2.8321,-0.0523
1230797622367,2.3771,-8.9283,-3.9359,1.3266,-2.9347,-0.0498
1230797622377,2.5398,-8.8852,-3.8138,1.3926,-3.0178,-0.0413
1230797622386,2.6236,-9.0216,-3.1319,1.5404,-3.0752,-0.0242
1230797622396,2.6355,-8.7943,-2.8208,1.6662,-3.1008,-0.0303
1230797622405,2.6355,-8.6292,-2.3159,1.7933,-3.1167,0.0003
1230797622415,2.6379,-8.3086,-1.8948,1.8434,-3.1289,0.0320
1230797622425,2.6858,-8.1076,-1.8087,1.8202,-3.1399,0.0601
1230797622434,2.7982,-8.1387,-1.3684,1.7139,-3.1521,0.1065
1230797622444,2.9203,-8.2918,-0.9425,1.6101,-3.1852,0.1224
1230797622454,3.0280,-8.7058,-1.1865,1.6308,-3.1803,0.1297
1230797622463,2.9562,-9.3423,-1.1339,1.7383,-3.1387,0.1493
1230797622473,2.7767,-9.6270,-0.8061,1.8141,-3.0996,0.1676
1230797622482,2.6738,-9.3853,-1.1028,1.8446,-3.0801,0.2153
1230797622492,2.7671,-9.1939,-1.4306,1.8801,-3.0556,0.2983
1230797622501,2.9083,-9.2968,-0.9760,1.9191,-3.0336,0.3606
1230797622511,3.1093,-9.1915,-0.7199,1.8691,-3.0312,0.3900
1230797622521,3.3031,-8.9738,-0.8085,1.7738,-3.0068,0.4376
1230797622531,3.3988,-8.8470,-0.4974,1.6944,-2.9628,0.4938
1230797622540,3.4252,-8.8709,-0.0930,1.6699,-2.9261,0.5305
1230797622550,3.3797,-9.4260,-0.0715,1.7652,-2.8993,0.5476
1230797622557,3.3079,-10.1439,0.1965,1.9509,-2.8773,0.5525
1230797622569,3.2457,-10.1319,0.3353,2.0181,-2.8553,0.5659
1230797622577,3.2577,-9.5600,0.4645,2.0389,-2.8516,0.5952
1230797622586,3.3749,-8.7058,0.6751,2.0560,-2.8492,0.6099
1230797622596,3.5520,-7.9712,1.0244,2.0340,-2.8431,0.6013
1230797622605,3.7410,-7.4448,1.1489,1.9778,-2.8284,0.5891
1230797622615,3.8870,-7.4854,1.1034,1.9363,-2.7979,0.5830
1230797622625,3.9707,-7.9305,1.4432,1.9411,-2.7466,0.5683
1230797622637,3.9970,-8.4186,1.7997,1.9961,-2.7062,0.5439
1230797622646,4.0473,-8.6555,1.9840,2.1293,-2.6757,0.5146
1230797622655,4.0258,-8.5287,2.0342,2.3150,-2.6183,0.4743
1230797622665,3.9444,-7.8683,2.1586,2.4396,-2.5511,0.4352
1230797622674,3.9683,-6.9997,2.2735,2.4482,-2.5022,0.4181
1230797622684,4.0975,-6.2029,2.2304,2.3370,-2.4680,0.4132
1230797622694,4.3273,-5.8033,2.6276,2.1036,-2.4228,0.3961
1230797622703,4.5067,-5.7578,2.8286,1.7628,-2.3739,0.3912
1230797622713,4.6168,-6.3130,2.8095,1.4512,-2.2994,0.4095
1230797622723,4.6240,-7.3251,2.8502,1.2814,-2.1821,0.4107
1230797622732,4.5115,-8.2320,2.9770,1.2167,-2.0660,0.3924
1230797622741,4.3273,-8.8135,2.8813,1.2203,-1.9781,0.3777
1230797622752,4.1502,-9.1245,2.8549,1.3034,-1.9219,0.3777
1230797622761,4.0616,-8.9211,3.0344,1.3498,-1.8901,0.3802
1230797622771,4.1023,-8.1507,3.1493,1.2936,-1.8779,0.3826
1230797622780,4.2004,-7.1361,3.1541,1.1360,-1.8669,0.3863
1230797622790,4.2603,-6.7078,3.2234,0.9173,-1.8132,0.3973
1230797622800,4.2244,-7.0141,3.0655,0.6730,-1.7142,0.4132
1230797622809,4.1191,-7.8133,3.1445,0.4348,-1.5883,0.4193
1230797622819,4.0210,-8.6316,3.4508,0.2478,-1.4784,0.4132
1230797622828,3.9875,-9.3231,3.7714,0.1990,-1.4197,0.4107
1230797622837,4.0090,-9.6485,3.8647,0.2698,-1.3770,0.4022
1230797622847,4.0258,-9.5385,4.1016,0.3676,-1.3208,0.3826
1230797622857,4.0234,-8.8350,4.2213,0.3981,-1.2353,0.3631
1230797622867,3.9372,-8.0860,4.5204,0.3993,-1.1412,0.3460
1230797622876,3.8415,-7.9425,4.6113,0.4506,-1.0435,0.3423
1230797622886,3.7602,-7.9401,4.3409,0.4702,-0.9469,0.3680
1230797622896,3.8415,-7.9162,4.6759,0.4995,-0.8846,0.3643
1230797622903,4.0975,-7.8731,5.0061,0.5936,-0.8113,0.3057
1230797622913,4.3607,-7.5022,5.4344,0.6791,-0.6794,0.2336
1230797622923,4.4565,-6.8585,5.9632,0.7475,-0.4742,0.1493
1230797622932,4.4206,-6.4158,6.2552,0.7157,-0.2811,0.0674
1230797622943,4.4397,-5.6286,6.1116,0.4800,-0.0954,0.0222
1230797622953,4.2076,-5.3295,6.3796,0.1440,0.1074,0.0137
1230797622963,4.2172,-5.3152,6.0063,-0.3325,0.2210,-0.0865
1230797622973,4.3823,-6.3034,5.8891,-0.8358,0.3615,-0.1512
1230797622982,4.3201,-8.2464,6.0231,-1.0521,0.6388,-0.1732
1230797622992,4.1645,-9.3231,5.8292,-1.0594,0.8661,-0.2221
1230797623001,4.0497,-9.2370,5.7981,-0.8028,0.9919,-0.3052
1230797623011,4.1191,-8.8613,5.9848,-0.3984,1.0506,-0.3614
1230797623021,4.2985,-8.4426,5.6857,-0.0954,1.1385,-0.3773
1230797623030,4.3727,-7.8085,5.0181,0.0573,1.2802,-0.4237
1230797623040,4.4158,-7.3945,4.8553,0.1049,1.4427,-0.4995
1230797623049,4.4230,-7.0164,4.8147,-0.0112,1.5942,-0.5373
1230797623059,4.4301,-6.8394,4.5443,-0.2738,1.7445,-0.5397
1230797623070,4.3990,-7.1098,4.1710,-0.5573,1.8899,-0.5532
1230797623076,4.3440,-7.6481,3.8695,-0.8248,2.0267,-0.5654
1230797623088,4.2579,-8.1578,3.5800,-0.9873,2.1526,-0.5740
1230797623096,4.1861,-8.5048,3.3335,-0.9934,2.2466,-0.5874
1230797623106,4.1191,-8.8709,3.2402,-0.8774,2.3065,-0.5959
1230797623115,4.0999,-9.0575,3.2043,-0.7430,2.3468,-0.5996
1230797623126,4.0497,-8.9522,3.1828,-0.6501,2.3945,-0.6106
1230797623135,3.9683,-8.5048,2.9626,-0.5780,2.4445,-0.6338
1230797623146,3.8607,-8.0119,2.7664,-0.5890,2.4751,-0.6546
1230797623153,3.8128,-7.5572,2.6276,-0.7307,2.4800,-0.6632
1230797623164,3.8200,-7.1839,2.4386,-1.0166,2.4873,-0.6656
1230797623174,3.8176,-7.1002,2.2233,-1.3453,2.5203,-0.6632
1230797623184,3.7290,-7.1696,1.9098,-1.6532,2.5753,-0.6570
1230797623193,3.5783,-7.6625,1.9409,-1.8828,2.6351,-0.6387
1230797623203,3.3653,-8.4258,2.2185,-1.9879,2.6926,-0.6180
1230797623211,3.1811,-8.8350,2.2280,-2.0001,2.7231,-0.6192
1230797623220,3.0902,-8.7297,1.9624,-1.8975,2.7023,-0.6473
1230797623230,3.0878,-8.6220,1.8165,-1.7179,2.6547,-0.6607
1230797623239,3.2289,-8.4904,1.7567,-1.6422,2.6095,-0.6448
1230797623249,3.4658,-8.1530,1.5030,-1.7436,2.5777,-0.6216
1230797623261,3.7075,-7.8850,1.2183,-1.9598,2.5789,-0.5996
1230797623270,3.8487,-8.1028,0.9287,-2.1834,2.6241,-0.5654
1230797623280,3.8535,-8.7560,0.7445,-2.3996,2.6901,-0.5153
1230797623289,3.6884,-9.6677,0.6847,-2.5352,2.7426,-0.4604
1230797623299,3.4132,-10.7205,0.5602,-2.4253,2.7414,-0.4164
1230797623309,3.2026,-11.5820,0.3449,-2.0722,2.6950,-0.4041
1230797623319,3.1452,-12.0198,0.0697,-1.6018,2.6376,-0.3858
1230797623328,3.2026,-12.0940,-0.1385,-1.0814,2.5887,-0.3516
1230797623338,3.3127,-11.7518,-0.4567,-0.6513,2.5557,-0.2930
1230797623347,3.3390,-10.7421,-0.7319,-0.4876,2.5423,-0.2258
1230797623357,3.2122,-9.1843,-0.4256,-0.6501,2.5166,-0.1402
1230797623366,3.1380,-7.6051,0.3736,-1.0447,2.4726,-0.0608
1230797623376,3.1356,-6.7700,0.5028,-1.4308,2.4433,-0.0266
1230797623385,3.0854,-7.1193,-0.1504,-1.6519,2.4128,-0.0706
1230797623395,2.8748,-8.5646,-0.7056,-1.6922,2.3957,-0.1354
1230797623404,2.5829,-9.9596,-1.0453,-1.5957,2.3529,-0.1622
1230797623414,2.3484,-10.7923,-1.0645,-1.3318,2.2955,-0.1561
1230797623424,2.1546,-10.7780,-1.1506,-0.9629,2.2491,-0.1537
1230797623434,2.1067,-9.9381,-1.5407,-0.5951,2.2100,-0.1635
1230797623442,2.1665,-9.1963,-1.2918,-0.3080,2.1464,-0.1732
1230797623453,2.3221,-8.5167,-0.6218,-0.2042,2.0328,-0.2245
1230797623463,2.5590,-8.6842,-0.5788,-0.0832,1.9326,-0.2917
1230797623472,2.6595,-9.7993,-0.3730,0.2271,1.8679,-0.3406
1230797623482,2.5494,-10.5530,-0.4160,0.5533,1.8117,-0.3761
1230797623492,2.3508,-10.7660,-0.8779,0.9198,1.7628,-0.3577
1230797623499,2.1043,-10.0434,-1.4761,1.1654,1.7249,-0.3272
1230797623508,1.8531,-8.4091,-2.4308,1.1409,1.6834,-0.3137
1230797623518,1.6521,-7.6888,-2.4260,1.0261,1.6015,-0.3027
1230797623528,1.5755,-8.7321,-1.9211,0.9503,1.4378,-0.3724
1230797623537,1.8387,-10.1798,-1.8206,0.8672,1.2729,-0.4579
1230797623549,1.9344,-12.6156,-0.9783,1.0945,1.1092,-0.4799
1230797623558,2.1546,-14.1303,-0.5381,1.5746,0.9883,-0.4774
1230797623568,2.3149,-13.8312,-1.1937,2.1317,0.9687,-0.3394
1230797623576,1.9512,-12.7520,-0.4256,2.7182,0.9370,-0.1378
1230797623585,1.3984,-10.7205,0.2994,2.9295,0.7903,-0.0047
1230797623597,1.1089,-8.4306,0.3880,2.6082,0.6095,0.1163
1230797623604,1.0156,-7.4783,0.5315,2.2295,0.4935,0.1554
1230797623616,0.8888,-8.9618,1.2589,2.0829,0.5093,0.0809
1230797623624,0.7093,-10.7875,1.9600,1.9668,0.5582,0.0149
1230797623635,0.4868,-11.9241,2.5606,1.9338,0.6034,0.0308
1230797623643,0.1925,-12.6779,3.1828,2.2295,0.6510,0.1224
1230797623654,-0.0396,-12.8621,3.3096,2.7304,0.6779,0.2287
1230797623662,-0.2359,-12.2424,3.5441,3.1152,0.6620,0.3301
1230797623673,-0.2861,-11.1728,4.1782,3.2350,0.6340,0.4437
1230797623683,-0.2311,-10.4047,4.3505,3.2472,0.6266,0.5317
1230797623693,-0.3148,-10.5961,4.8960,3.2020,0.6669,0.5854
1230797623703,-0.2957,-10.8856,5.0803,2.9723,0.7158,0.6392
1230797623712,-0.3435,-11.0460,5.3650,2.6705,0.7366,0.7088
1230797623722,-0.4967,-10.8091,5.4081,2.4103,0.7207,0.7797
1230797623730,-0.7120,-10.0769,5.4009,2.1843,0.6755,0.8359
1230797623741,-1.0446,-9.2609,5.8795,1.9460,0.6193,0.8799
1230797623751,-1.4155,-8.9355,5.8173,1.6760,0.5448,0.9116
1230797623760,-1.7170,-8.7800,5.6880,1.3046,0.4727,0.9495
1230797623770,-2.0018,-8.7273,5.6139,0.9271,0.4116,0.9813
1230797623779,-2.4085,-8.4904,5.5397,0.6302,0.3346,0.9617
1230797623789,-2.8345,-7.8300,5.1832,0.3822,0.2198,0.9043
1230797623798,-3.3513,-6.9423,4.7955,0.2100,0.0536,0.8652
1230797623807,-3.8586,-6.2340,4.7237,0.0536,-0.1663,0.8493
1230797623816,-4.0117,-5.5951,4.9798,-0.2372,-0.4082,0.8530
1230797623826,-3.7102,-5.1931,4.9965,-0.6733,-0.6134,0.8542
1230797623835,-3.2101,-5.2601,4.8171,-1.0851,-0.7478,0.8041
1230797623847,-2.6813,-6.0952,4.6807,-1.3587,-0.8321,0.7076
1230797623856,-2.2267,-6.4565,3.9413,-1.5249,-0.9127,0.5915
1230797623866,-1.9802,-7.0763,3.7810,-1.5298,-1.0215,0.5072
1230797623875,-1.6692,-8.5287,3.7905,-1.4076,-1.1412,0.4682
1230797623885,-1.4083,-9.7299,3.7068,-1.2598,-1.2389,0.4095
1230797623894,-1.0901,-10.3377,4.3289,-1.0533,-1.3171,0.3790
1230797623904,-0.7455,-9.4380,4.2906,-0.8969,-1.4576,0.3777
1230797623914,-0.3411,-7.5189,3.7666,-0.7381,-1.6323,0.3655
1230797623924,0.4174,-6.1790,2.9794,-0.6587,-1.7166,0.3961
1230797623933,1.2429,-6.8154,1.9648,-0.4840,-1.6384,0.4547
1230797623943,1.7191,-9.3375,1.8811,-0.1700,-1.3794,0.5549
1230797623952,1.7693,-12.0868,2.7784,0.2149,-1.0813,0.6441
1230797623962,1.3649,-12.8884,3.2737,0.7402,-0.9335,0.6893
1230797623972,0.6997,-11.6920,3.4699,1.5820,-1.0349,0.6807
1230797623981,0.5466,-9.1987,3.1373,2.5520,-1.3306,0.5952
1230797623990,1.6808,-7.1576,5.0420,2.9967,-1.5505,0.5830
1230797624001,3.9707,-7.9138,7.5090,3.1055,-1.5224,0.6160
1230797624010,5.6936,-9.0767,7.8464,3.2093,-1.1510,0.4877
1230797624020,5.2820,-7.6912,7.9014,3.0676,-0.5096,0.4792
1230797624029,2.8437,-5.9875,6.4083,3.1959,-0.0783,0.6050
1230797624038,0.7332,-7.1744,5.8723,3.8544,-0.0087,0.6270
1230797624049,0.3360,-9.1365,5.5876,4.3052,-0.2322,0.6685
1230797624058,1.1041,-9.3327,6.3844,4.3406,-0.4448,0.9007
1230797624067,2.5278,-7.3179,7.2027,4.4396,-0.6660,1.0558
1230797624075,3.7984,-5.3439,7.8655,4.6913,-0.8260,1.0888
1230797624088,4.1885,-3.4559,7.7339,4.5666,-0.7869,1.1902
1230797624094,3.6477,-3.2142,8.0737,4.0425,-0.6049,1.4138
1230797624106,2.6140,-3.4894,8.0546,3.3974,-0.4143,1.5787
1230797624114,1.7526,-4.5279,8.8442,2.9112,-0.3385,1.6618
1230797624123,1.3123,-5.5616,8.9040,2.6387,-0.3752,1.7180
1230797624133,1.6138,-5.2051,8.6432,2.6070,-0.4632,1.7106
1230797624143,1.8483,-4.6428,8.5738,2.9124,-0.5242,1.7216
1230797624155,2.0302,-3.8101,8.9184,3.2056,-0.5768,1.8291
1230797624163,1.9727,-2.7811,9.5237,3.1959,-0.5316,1.9672
1230797624173,1.5181,-2.1207,9.5788,2.9527,-0.4656,2.0540
1230797624183,1.0515,-2.0705,9.6865,2.5642,-0.3654,2.0869
1230797624193,0.6327,-1.9365,9.5668,2.1611,-0.2860,2.0906
1230797624202,0.3073,-1.9197,9.5046,1.8849,-0.2677,2.0747
1230797624212,0.2523,-2.2069,9.1002,1.7359,-0.2860,2.0601
1230797624221,0.2834,-1.8264,8.8346,1.6834,-0.2860,2.0148
1230797624231,0.1590,-1.2091,9.1289,1.7237,-0.2774,1.9855
1230797624241,0.0321,-0.8621,9.0547,1.7750,-0.2982,2.0075
1230797624251,0.0345,-0.4123,9.1217,1.7041,-0.2897,2.0185
1230797624260,-0.1330,0.0161,9.1194,1.5062,-0.2530,2.0100
1230797624270,-0.5110,0.0711,9.0237,1.2130,-0.2298,1.9953
1230797624279,-0.7144,-0.1108,8.6791,0.8929,-0.2335,1.9599
1230797624288,-0.7360,-0.0438,8.9112,0.6241,-0.2237,1.8890
1230797624298,-0.5996,-0.1371,8.7174,0.4604,-0.2249,1.8401
1230797624308,-0.5756,-0.4505,8.2651,0.4177,-0.2188,1.7852
1230797624317,-0.7001,-0.8095,8.5475,0.5032,-0.2066,1.7290
1230797624327,-0.6020,-0.7114,8.9160,0.6192,-0.2335,1.7583
1230797624336,-0.5110,-0.0605,9.0093,0.6828,-0.2664,1.7913
1230797624346,-0.6378,0.2003,9.5094,0.7023,-0.2396,1.7693
1230797624356,-0.6331,-0.1203,9.7487,0.6461,-0.1980,1.7559
1230797624365,-0.5565,-0.1801,9.7822,0.5044,-0.1724,1.7485
1230797624373,-0.3124,-0.2017,9.8037,0.3847,-0.1455,1.7253
1230797624385,-0.0612,-0.0701,9.7176,0.2820,-0.1149,1.7119
1230797624394,-0.0779,0.2912,9.5620,0.1696,-0.0624,1.7131
1230797624402,-0.3723,0.3223,9.3754,0.1012,-0.0135,1.7058
1230797624414,-0.5541,0.5353,9.4568,0.0621,0.0121,1.6764
1230797624421,-0.6283,0.2888,9.4280,0.0316,0.0048,1.6520
1230797624431,-0.3196,0.5066,9.1840,0.0011,-0.0111,1.6385
1230797624441,-0.1449,1.0402,9.2414,-0.0258,-0.0392,1.5762
1230797624450,0.0178,1.0737,9.2199,-0.0796,-0.0587,1.5469
1230797624459,0.0943,1.0952,8.6958,-0.1956,-0.0771,1.5176
1230797624471,0.2882,1.6288,8.5953,-0.3215,-0.1272,1.4504
1230797624480,0.4724,2.0141,8.6480,-0.4498,-0.1663,1.3539
1230797624491,0.2331,1.3441,8.4853,-0.5402,-0.1663,1.2806
1230797624498,0.0967,0.4252,8.5738,-0.5218,-0.1675,1.2317
1230797624510,0.1877,-0.0462,8.9208,-0.3569,-0.2139,1.1841
1230797624519,0.4509,0.1501,9.2558,-0.1492,-0.2836,1.1658
1230797624529,0.6519,0.6047,9.5190,-0.0344,-0.3239,1.1413
1230797624538,0.6447,0.9397,9.7415,-0.0576,-0.3178,1.1010
1230797624548,0.5370,1.1216,9.8468,-0.1688,-0.3019,1.0411
1230797624557,0.5466,0.9158,9.9257,-0.2897,-0.2909,0.9764
1230797624567,0.5633,0.6884,9.8085,-0.3838,-0.2933,0.9092
1230797624576,0.5370,0.6478,9.7056,-0.4400,-0.3092,0.8359
1230797624584,0.5514,0.5497,9.5764,-0.4473,-0.3129,0.7699
1230797624596,0.5107,0.2577,9.7367,-0.4290,-0.3006,0.7198
1230797624604,0.5801,-0.0246,9.9162,-0.3691,-0.2884,0.6795
1230797624615,0.6184,0.0639,10.0382,-0.2567,-0.3043,0.6306
1230797624623,0.6973,0.1740,10.0621,-0.1468,-0.3410,0.5989
1230797624634,0.7308,0.2793,9.9904,-0.0710,-0.3569,0.5659
1230797624642,0.6806,0.6406,10.0358,-0.0796,-0.3459,0.5243
1230797624653,0.5968,0.8392,10.0023,-0.1150,-0.3385,0.4743
1230797624661,0.5083,-0.2711,9.6362,-0.1822,-0.3471,0.4058
1230797624673,2.8174,-1.2473,8.9854,-0.5096,-0.3434,0.3191
1230797624683,-1.7242,1.7030,9.6099,-0.4131,-0.2066,0.2409
1230797624692,-0.6020,-1.4627,9.7271,0.1709,-0.5755,0.6514
1230797624702,1.0395,-0.8190,9.4591,0.0023,-0.7038,0.4022
1230797624710,1.1041,-0.7855,9.8061,0.1110,-0.6550,0.2629
1230797624719,1.7957,2.4950,9.6913,0.2588,-0.6635,0.3362
1230797624729,1.1639,-0.5965,10.7561,0.2967,-0.5645,0.3741
1230797624738,1.2836,-0.1060,10.2057,-0.1174,-0.4387,0.3753
1230797624748,0.8289,-0.9076,10.3756,-0.1773,-0.3874,0.2764
1230797624760,1.0850,-1.3479,10.0334,-0.0991,-0.4338,0.1847
1230797624769,1.0108,-1.3574,10.0909,-0.0649,-0.4399,0.0882
1230797624779,1.1735,-1.3335,9.8707,-0.0246,-0.4497,0.1700
1230797624788,1.4559,-1.2234,10.0741,0.0829,-0.4473,0.1920
1230797624798,0.4341,-0.6898,10.6532,0.1538,-0.4289,0.0821
1230797624808,1.5779,-1.1205,10.3852,0.2344,-0.5059,0.0748
1230797624817,1.6640,-0.7473,10.5886,0.2723,-0.4876,-0.0425
1230797624826,1.5444,-0.5295,10.7273,0.2833,-0.4448,-0.1659
1230797624836,1.5181,-0.5319,10.6651,0.3297,-0.4314,-0.1977
1230797624846,1.6640,-0.1299,10.7106,0.3676,-0.4241,-0.2221
1230797624856,1.5588,0.2817,10.6125,0.3688,-0.4118,-0.2209
1230797624865,1.3649,0.2171,10.4234,0.3040,-0.3984,-0.1806
1230797624875,1.3386,-0.2017,10.3828,0.2063,-0.3825,-0.1134
1230797624883,1.4200,-0.7688,10.4258,0.1525,-0.3825,-0.0144
1230797624892,1.5444,-0.9339,10.2823,0.1635,-0.4216,0.0173
1230797624903,1.4870,-0.8071,10.2272,0.1941,-0.4509,-0.0523
1230797624913,1.3649,-0.6085,10.1866,0.2332,-0.4656,-0.1500
1230797624923,1.3506,-0.5080,10.1363,0.2662,-0.4827,-0.2148
1230797624932,1.3147,-0.5582,10.1243,0.3163,-0.5022,-0.2722
1230797624941,1.4296,-0.4482,10.0502,0.4091,-0.5401,-0.3272
1230797624951,1.8938,-0.2591,9.6793,0.5191,-0.5755,-0.3492
1230797624961,1.8603,0.2147,9.6099,0.4482,-0.5169,-0.3956
1230797624971,1.5540,0.2290,9.6482,0.3199,-0.4448,-0.4164
1230797624980,1.6593,0.1046,9.5979,0.2319,-0.4094,-0.3321
1230797624990,1.6664,-0.2184,9.5955,0.1110,-0.3605,-0.2600
1230797624999,1.7693,-0.4482,9.4974,0.0365,-0.3153,-0.2404
1230797625009,1.7191,-0.5462,9.4041,0.0426,-0.2921,-0.2233
1230797625017,1.6449,-0.6156,9.4161,0.0511,-0.2677,-0.2111
1230797625027,1.6545,-0.4099,9.3323,0.0792,-0.2713,-0.1928
1230797625036,1.6664,-0.4458,9.4065,0.1489,-0.2933,-0.1427
1230797625046,1.9272,-0.3572,9.2701,0.2356,-0.3410,-0.0877
1230797625057,2.3580,-0.3477,9.0907,0.2955,-0.3630,-0.0645
1230797625065,2.9538,-0.4338,8.6743,0.2149,-0.3251,-0.1354
1230797625075,1.7502,0.3726,9.0260,0.1183,-0.2298,-0.3369
1230797625086,2.3699,-0.3477,8.8131,0.0121,-0.2322,-0.3052
1230797625093,2.5590,-0.6635,8.9184,-0.0490,-0.2261,-0.3076
1230797625105,2.2407,-1.2115,6.6954,-0.0417,-0.2396,-0.4090
1230797625114,2.4178,-0.6779,9.8898,0.3077,-0.1870,-0.4396
1230797625125,2.4704,-0.2615,9.6721,0.0573,-0.2616,-0.4249
1230797625133,2.7815,-0.2065,9.5357,-0.2066,-0.1712,-0.3443
1230797625143,2.9729,-0.1969,9.6673,-0.3276,-0.1809,-0.2966
1230797625151,3.0878,-0.7616,9.4879,-0.4485,-0.1443,-0.2746
1230797625163,3.1021,-1.1469,9.2462,-0.3410,-0.1394,-0.1891
1230797625172,3.5257,-1.7738,8.9758,-0.1504,-0.1406,-0.1256
1230797625182,3.2529,-0.9124,9.3204,-0.0869,-0.0526,-0.2893
1230797625191,2.2216,-0.0605,9.4256,-0.0319,-0.0233,-0.3296
1230797625201,3.5185,-1.0679,9.0691,-0.0612,-0.0991,-0.1293
1230797625211,3.3701,-1.1397,9.0452,-0.1541,-0.0600,-0.2087
1230797625220,3.0734,-0.7616,9.3347,-0.2079,-0.0282,-0.2893
1230797625230,3.1931,-0.9052,9.3108,-0.2518,-0.0343,-0.2795
1230797625240,3.6549,-1.1110,9.2869,-0.3068,-0.0465,-0.2905
1230797625249,3.7051,-0.9602,9.2869,-0.3007,-0.0331,-0.3260
1230797625259,3.7051,-0.7425,9.2797,-0.2897,-0.0270,-0.2942
1230797625269,3.7434,-0.7712,9.2821,-0.2885,-0.0294,-0.2319
1230797625278,3.6573,-0.6731,9.3180,-0.2763,-0.0148,-0.2160
1230797625288,3.7817,-0.7951,9.2175,-0.2335,-0.0294,-0.1757
1230797625297,3.6597,-0.6515,9.1720,-0.1578,-0.0514,-0.1354
1230797625307,3.7195,-0.5367,9.1768,-0.1199,-0.0661,-0.0779
1230797625317,3.7482,-0.5534,9.2175,-0.1150,-0.0710,-0.0804
1230797625325,3.5209,-0.5439,9.3778,-0.1468,-0.0722,-0.1476
1230797625334,3.3749,-0.4146,9.2773,-0.1956,-0.1162,-0.1806
1230797625344,3.5376,-0.3979,9.1744,-0.1749,-0.1809,-0.1879
1230797625353,3.4467,-0.3213,9.1170,-0.1480,-0.2078,-0.2429
1230797625363,3.4084,-0.3381,9.1074,-0.1272,-0.2261,-0.2905
1230797625374,3.4132,-0.4314,9.0500,-0.1052,-0.2273,-0.3125
1230797625384,3.3151,-0.3931,9.0835,-0.0832,-0.2225,-0.3027
1230797625393,3.2792,-0.4410,9.1098,-0.0515,-0.2176,-0.2673
1230797625403,3.3486,-0.4218,9.1457,-0.0393,-0.2127,-0.2013
1230797625413,3.4060,-0.3261,9.2175,-0.0063,-0.1895,-0.1244
1230797625422,3.2720,-0.2902,9.3275,-0.0099,-0.1589,-0.0718
1230797625431,3.3558,-0.4314,9.2749,-0.0454,-0.1431,0.0100
1230797625442,3.3701,-0.4625,9.3610,-0.0319,-0.1296,0.1029
1230797625451,3.3749,-0.3979,9.4113,-0.0258,-0.1052,0.1248
1230797625461,3.3103,-0.4218,9.3969,-0.0258,-0.0771,0.0833
1230797625471,3.3558,-0.5032,9.3850,-0.0710,-0.0600,0.0442
1230797625480,3.5616,-0.5056,9.3730,-0.0832,-0.0429,0.0125
1230797625489,3.6381,-0.4027,9.3180,-0.1162,-0.0050,-0.0352
1230797625499,3.5831,-0.3237,9.3778,-0.1346,0.0243,-0.0608
1230797625509,3.6788,-0.2783,9.3850,-0.1468,0.0353,-0.0315
1230797625519,3.5831,-0.3165,9.2773,-0.1944,0.0549,-0.0181
1230797625529,3.8104,-0.4936,9.5549,-0.2213,0.0671,-0.0303
1230797625538,3.6956,-0.4338,9.5190,-0.1871,0.0732,-0.0279
1230797625547,3.6573,-0.3429,9.5022,-0.1785,0.0634,0.0186
1230797625557,3.6477,-0.3309,9.3993,-0.1455,0.0549,0.0381
1230797625567,3.6716,-0.1969,9.3898,-0.0942,0.0402,0.0442
1230797625576,3.6238,-0.1586,9.3204,-0.0588,0.0292,0.0503
1230797625587,3.5376,-0.0150,9.3156,-0.0161,0.0109,0.0418
1230797625594,3.4898,0.0783,9.2892,0.0291,-0.0050,0.0344
1230797625607,3.5879,-0.0031,9.2725,0.0915,-0.0331,0.0589
1230797625613,3.6884,-0.0797,9.2653,0.1464,-0.0307,0.0613
1230797625622,3.4180,0.0735,9.1935,0.1953,-0.0197,0.0491
1230797625632,3.8176,-1.2904,13.1106,0.5643,0.0610,0.0674
1230797625643,2.9729,0.6717,9.1265,0.7109,-0.0734,0.0955
1230797625652,3.2242,1.2460,9.8013,0.3285,0.0585,0.1664
1230797625661,3.1476,1.3800,10.0813,0.1379,0.0219,0.2299
1230797625671,3.3079,1.2460,10.4211,-0.0515,0.0378,0.2507
1230797625686,3.2959,1.0689,10.2177,-0.2115,0.0316,0.2568
1230797625689,3.2409,0.3846,10.0909,-0.2885,0.0610,0.2409
1230797625699,3.3701,0.0448,9.5285,-0.1651,0.0610,0.2605
1230797625709,3.3031,-0.2807,9.4232,0.1635,0.0744,0.3081
